12
1
12
1
2
11
2
11
12
1
12
1
2
11
2
11
3
8
3
8
7
4
7
4
3
8
3
8
7
4
7
4
10
5
10
5
6
9
6
9
10
5
10
5
6
9
6
9
1
12
1
12
11
2
11
2
1
12
1
12
11
2
11
2
14
3
14
3
4
13
4
13
14
3
14
3
4
13
4
13
5
16
5
16
15
6
15
6
5
16
5
16
15
6
15
6
18
7
18
7
8
17
8
17
18
7
18
7
8
17
8
17
9
14
9
14
13
10
13
10
9
14
9
14
13
10
13
10
11
2
11
2
1
12
1
12
11
2
11
2
1
12
1
12
4
7
4
7
8
3
8
3
4
7
4
7
8
3
8
3
9
6
9
6
5
10
5
10
9
6
9
6
5
10
5
10
2
11
2
11
12
1
12
1
2
11
2
11
12
1
12
1
13
4
13
4
3
14
3
14
13
4
13
4
3
14
3
14
6
15
6
15
16
5
16
5
6
15
6
15
16
5
16
5
17
8
17
8
7
18
7
18
17
8
17
8
7
18
7
18
10
13
10
13
14
9
14
9
10
13
10
13
14
9
14
9
12
1
12
1
2
11
2
11
12
1
12
1
2
11
2
11
3
8
3
8
7
4
7
4
3
8
3
8
7
4
7
4
10
5
10
5
6
9
6
9
10
5
10
5
6
9
6
9
1
12
1
12
11
2
11
2
1
12
1
12
11
2
11
2
14
3
14
3
4
13
4
13
14
3
14
3
4
13
4
13
5
16
5
16
15
6
15
6
5
16
5
16
15
6
15
6
18
7
18
7
8
17
8
17
18
7
18
7
8
17
8
17
9
14
9
14
13
10
13
10
9
14
9
14
13
10
13
10
11
2
11
2
1
12
1
12
11
2
11
2
1
12
1
12
4
7
4
7
8
3
8
3
4
7
4
7
8
3
8
3
9
6
9
6
5
10
5
10
9
6
9
6
5
10
5
10
2
11
2
11
12
1
12
1
2
11
2
11
12
1
12
1
13
4
13
4
3
14
3
14
13
4
13
4
3
14
3
14
6
15
6
15
16
5
16
5
6
15
6
15
16
5
16
5
17
8
17
8
7
18
7
18
17
8
17
8
7
18
7
18
10
13
10
13
14
9
14
9
10
13
10
13
14
9
14
9
