65
1
66
2
65
1
66
2
3
67
4
68
3
67
4
68
69
5
70
6
69
5
70
6
7
71
8
72
7
71
8
72
65
1
66
2
65
1
66
2
3
67
4
68
3
67
4
68
69
5
70
6
69
5
70
6
7
71
8
72
7
71
8
72
9
73
10
74
9
73
10
74
75
11
76
12
75
11
76
12
13
77
14
78
13
77
14
78
79
15
80
16
79
15
80
16
9
73
10
74
9
73
10
74
75
11
76
12
75
11
76
12
13
77
14
78
13
77
14
78
79
15
80
16
79
15
80
16
81
17
82
18
81
17
82
18
19
83
20
84
19
83
20
84
85
21
86
22
85
21
86
22
23
87
24
88
23
87
24
88
81
17
82
18
81
17
82
18
19
83
20
84
19
83
20
84
85
21
86
22
85
21
86
22
23
87
24
88
23
87
24
88
25
89
26
90
25
89
26
90
91
27
92
28
91
27
92
28
29
93
30
94
29
93
30
94
95
31
96
32
95
31
96
32
25
89
26
90
25
89
26
90
91
27
92
28
91
27
92
28
29
93
30
94
29
93
30
94
95
31
96
32
95
31
96
32
65
1
66
2
65
1
66
2
3
67
4
68
3
67
4
68
69
5
70
6
69
5
70
6
7
71
8
72
7
71
8
72
65
1
66
2
65
1
66
2
3
67
4
68
3
67
4
68
69
5
70
6
69
5
70
6
7
71
8
72
7
71
8
72
9
73
10
74
9
73
10
74
75
11
76
12
75
11
76
12
13
77
14
78
13
77
14
78
79
15
80
16
79
15
80
16
9
73
10
74
9
73
10
74
75
11
76
12
75
11
76
12
13
77
14
78
13
77
14
78
79
15
80
16
79
15
80
16
81
17
82
18
81
17
82
18
19
83
20
84
19
83
20
84
85
21
86
22
85
21
86
22
23
87
24
88
23
87
24
88
81
17
82
18
81
17
82
18
19
83
20
84
19
83
20
84
85
21
86
22
85
21
86
22
23
87
24
88
23
87
24
88
25
89
26
90
25
89
26
90
91
27
92
28
91
27
92
28
29
93
30
94
29
93
30
94
95
31
96
32
95
31
96
32
25
89
26
90
25
89
26
90
91
27
92
28
91
27
92
28
29
93
30
94
29
93
30
94
95
31
96
32
95
31
96
32
33
97
34
98
33
97
34
98
99
35
100
36
99
35
100
36
37
101
38
102
37
101
38
102
103
39
104
40
103
39
104
40
33
97
34
98
33
97
34
98
99
35
100
36
99
35
100
36
37
101
38
102
37
101
38
102
103
39
104
40
103
39
104
40
105
41
106
42
105
41
106
42
43
107
44
108
43
107
44
108
109
45
110
46
109
45
110
46
47
111
48
112
47
111
48
112
105
41
106
42
105
41
106
42
43
107
44
108
43
107
44
108
109
45
110
46
109
45
110
46
47
111
48
112
47
111
48
112
49
113
50
114
49
113
50
114
115
51
116
52
115
51
116
52
53
117
54
118
53
117
54
118
119
55
120
56
119
55
120
56
49
113
50
114
49
113
50
114
115
51
116
52
115
51
116
52
53
117
54
118
53
117
54
118
119
55
120
56
119
55
120
56
121
57
122
58
121
57
122
58
59
123
60
124
59
123
60
124
125
61
126
62
125
61
126
62
63
127
64
128
63
127
64
128
121
57
122
58
121
57
122
58
59
123
60
124
59
123
60
124
125
61
126
62
125
61
126
62
63
127
64
128
63
127
64
128
33
97
34
98
33
97
34
98
99
35
100
36
99
35
100
36
37
101
38
102
37
101
38
102
103
39
104
40
103
39
104
40
33
97
34
98
33
97
34
98
99
35
100
36
99
35
100
36
37
101
38
102
37
101
38
102
103
39
104
40
103
39
104
40
105
41
106
42
105
41
106
42
43
107
44
108
43
107
44
108
109
45
110
46
109
45
110
46
47
111
48
112
47
111
48
112
105
41
106
42
105
41
106
42
43
107
44
108
43
107
44
108
109
45
110
46
109
45
110
46
47
111
48
112
47
111
48
112
49
113
50
114
49
113
50
114
115
51
116
52
115
51
116
52
53
117
54
118
53
117
54
118
119
55
120
56
119
55
120
56
49
113
50
114
49
113
50
114
115
51
116
52
115
51
116
52
53
117
54
118
53
117
54
118
119
55
120
56
119
55
120
56
121
57
122
58
121
57
122
58
59
123
60
124
59
123
60
124
125
61
126
62
125
61
126
62
63
127
64
128
63
127
64
128
121
57
122
58
121
57
122
58
59
123
60
124
59
123
60
124
125
61
126
62
125
61
126
62
63
127
64
128
63
127
64
128
86
22
85
21
86
22
85
21
24
88
23
87
24
88
23
87
82
18
81
17
82
18
81
17
20
84
19
83
20
84
19
83
86
22
85
21
86
22
85
21
24
88
23
87
24
88
23
87
82
18
81
17
82
18
81
17
20
84
19
83
20
84
19
83
30
94
29
93
30
94
29
93
96
32
95
31
96
32
95
31
26
90
25
89
26
90
25
89
92
28
91
27
92
28
91
27
30
94
29
93
30
94
29
93
96
32
95
31
96
32
95
31
26
90
25
89
26
90
25
89
92
28
91
27
92
28
91
27
70
6
69
5
70
6
69
5
8
72
7
71
8
72
7
71
66
2
65
1
66
2
65
1
4
68
3
67
4
68
3
67
70
6
69
5
70
6
69
5
8
72
7
71
8
72
7
71
66
2
65
1
66
2
65
1
4
68
3
67
4
68
3
67
14
78
13
77
14
78
13
77
80
16
79
15
80
16
79
15
10
74
9
73
10
74
9
73
76
12
75
11
76
12
75
11
14
78
13
77
14
78
13
77
80
16
79
15
80
16
79
15
10
74
9
73
10
74
9
73
76
12
75
11
76
12
75
11
86
22
85
21
86
22
85
21
24
88
23
87
24
88
23
87
82
18
81
17
82
18
81
17
20
84
19
83
20
84
19
83
86
22
85
21
86
22
85
21
24
88
23
87
24
88
23
87
82
18
81
17
82
18
81
17
20
84
19
83
20
84
19
83
30
94
29
93
30
94
29
93
96
32
95
31
96
32
95
31
26
90
25
89
26
90
25
89
92
28
91
27
92
28
91
27
30
94
29
93
30
94
29
93
96
32
95
31
96
32
95
31
26
90
25
89
26
90
25
89
92
28
91
27
92
28
91
27
70
6
69
5
70
6
69
5
8
72
7
71
8
72
7
71
66
2
65
1
66
2
65
1
4
68
3
67
4
68
3
67
70
6
69
5
70
6
69
5
8
72
7
71
8
72
7
71
66
2
65
1
66
2
65
1
4
68
3
67
4
68
3
67
14
78
13
77
14
78
13
77
80
16
79
15
80
16
79
15
10
74
9
73
10
74
9
73
76
12
75
11
76
12
75
11
14
78
13
77
14
78
13
77
80
16
79
15
80
16
79
15
10
74
9
73
10
74
9
73
76
12
75
11
76
12
75
11
54
118
53
117
54
118
53
117
120
56
119
55
120
56
119
55
50
114
49
113
50
114
49
113
116
52
115
51
116
52
115
51
54
118
53
117
54
118
53
117
120
56
119
55
120
56
119
55
50
114
49
113
50
114
49
113
116
52
115
51
116
52
115
51
126
62
125
61
126
62
125
61
64
128
63
127
64
128
63
127
122
58
121
57
122
58
121
57
60
124
59
123
60
124
59
123
126
62
125
61
126
62
125
61
64
128
63
127
64
128
63
127
122
58
121
57
122
58
121
57
60
124
59
123
60
124
59
123
38
102
37
101
38
102
37
101
104
40
103
39
104
40
103
39
34
98
33
97
34
98
33
97
100
36
99
35
100
36
99
35
38
102
37
101
38
102
37
101
104
40
103
39
104
40
103
39
34
98
33
97
34
98
33
97
100
36
99
35
100
36
99
35
110
46
109
45
110
46
109
45
48
112
47
111
48
112
47
111
106
42
105
41
106
42
105
41
44
108
43
107
44
108
43
107
110
46
109
45
110
46
109
45
48
112
47
111
48
112
47
111
106
42
105
41
106
42
105
41
44
108
43
107
44
108
43
107
54
118
53
117
54
118
53
117
120
56
119
55
120
56
119
55
50
114
49
113
50
114
49
113
116
52
115
51
116
52
115
51
54
118
53
117
54
118
53
117
120
56
119
55
120
56
119
55
50
114
49
113
50
114
49
113
116
52
115
51
116
52
115
51
126
62
125
61
126
62
125
61
64
128
63
127
64
128
63
127
122
58
121
57
122
58
121
57
60
124
59
123
60
124
59
123
126
62
125
61
126
62
125
61
64
128
63
127
64
128
63
127
122
58
121
57
122
58
121
57
60
124
59
123
60
124
59
123
38
102
37
101
38
102
37
101
104
40
103
39
104
40
103
39
34
98
33
97
34
98
33
97
100
36
99
35
100
36
99
35
38
102
37
101
38
102
37
101
104
40
103
39
104
40
103
39
34
98
33
97
34
98
33
97
100
36
99
35
100
36
99
35
110
46
109
45
110
46
109
45
48
112
47
111
48
112
47
111
106
42
105
41
106
42
105
41
44
108
43
107
44
108
43
107
110
46
109
45
110
46
109
45
48
112
47
111
48
112
47
111
106
42
105
41
106
42
105
41
44
108
43
107
44
108
43
107
65
1
66
2
65
1
66
2
3
67
4
68
3
67
4
68
69
5
70
6
69
5
70
6
7
71
8
72
7
71
8
72
65
1
66
2
65
1
66
2
3
67
4
68
3
67
4
68
69
5
70
6
69
5
70
6
7
71
8
72
7
71
8
72
9
73
10
74
9
73
10
74
75
11
76
12
75
11
76
12
13
77
14
78
13
77
14
78
79
15
80
16
79
15
80
16
9
73
10
74
9
73
10
74
75
11
76
12
75
11
76
12
13
77
14
78
13
77
14
78
79
15
80
16
79
15
80
16
81
17
82
18
81
17
82
18
19
83
20
84
19
83
20
84
85
21
86
22
85
21
86
22
23
87
24
88
23
87
24
88
81
17
82
18
81
17
82
18
19
83
20
84
19
83
20
84
85
21
86
22
85
21
86
22
23
87
24
88
23
87
24
88
25
89
26
90
25
89
26
90
91
27
92
28
91
27
92
28
29
93
30
94
29
93
30
94
95
31
96
32
95
31
96
32
25
89
26
90
25
89
26
90
91
27
92
28
91
27
92
28
29
93
30
94
29
93
30
94
95
31
96
32
95
31
96
32
65
1
66
2
65
1
66
2
3
67
4
68
3
67
4
68
69
5
70
6
69
5
70
6
7
71
8
72
7
71
8
72
65
1
66
2
65
1
66
2
3
67
4
68
3
67
4
68
69
5
70
6
69
5
70
6
7
71
8
72
7
71
8
72
9
73
10
74
9
73
10
74
75
11
76
12
75
11
76
12
13
77
14
78
13
77
14
78
79
15
80
16
79
15
80
16
9
73
10
74
9
73
10
74
75
11
76
12
75
11
76
12
13
77
14
78
13
77
14
78
79
15
80
16
79
15
80
16
81
17
82
18
81
17
82
18
19
83
20
84
19
83
20
84
85
21
86
22
85
21
86
22
23
87
24
88
23
87
24
88
81
17
82
18
81
17
82
18
19
83
20
84
19
83
20
84
85
21
86
22
85
21
86
22
23
87
24
88
23
87
24
88
25
89
26
90
25
89
26
90
91
27
92
28
91
27
92
28
29
93
30
94
29
93
30
94
95
31
96
32
95
31
96
32
25
89
26
90
25
89
26
90
91
27
92
28
91
27
92
28
29
93
30
94
29
93
30
94
95
31
96
32
95
31
96
32
33
97
34
98
33
97
34
98
99
35
100
36
99
35
100
36
37
101
38
102
37
101
38
102
103
39
104
40
103
39
104
40
33
97
34
98
33
97
34
98
99
35
100
36
99
35
100
36
37
101
38
102
37
101
38
102
103
39
104
40
103
39
104
40
105
41
106
42
105
41
106
42
43
107
44
108
43
107
44
108
109
45
110
46
109
45
110
46
47
111
48
112
47
111
48
112
105
41
106
42
105
41
106
42
43
107
44
108
43
107
44
108
109
45
110
46
109
45
110
46
47
111
48
112
47
111
48
112
49
113
50
114
49
113
50
114
115
51
116
52
115
51
116
52
53
117
54
118
53
117
54
118
119
55
120
56
119
55
120
56
49
113
50
114
49
113
50
114
115
51
116
52
115
51
116
52
53
117
54
118
53
117
54
118
119
55
120
56
119
55
120
56
121
57
122
58
121
57
122
58
59
123
60
124
59
123
60
124
125
61
126
62
125
61
126
62
63
127
64
128
63
127
64
128
121
57
122
58
121
57
122
58
59
123
60
124
59
123
60
124
125
61
126
62
125
61
126
62
63
127
64
128
63
127
64
128
33
97
34
98
33
97
34
98
99
35
100
36
99
35
100
36
37
101
38
102
37
101
38
102
103
39
104
40
103
39
104
40
33
97
34
98
33
97
34
98
99
35
100
36
99
35
100
36
37
101
38
102
37
101
38
102
103
39
104
40
103
39
104
40
105
41
106
42
105
41
106
42
43
107
44
108
43
107
44
108
109
45
110
46
109
45
110
46
47
111
48
112
47
111
48
112
105
41
106
42
105
41
106
42
43
107
44
108
43
107
44
108
109
45
110
46
109
45
110
46
47
111
48
112
47
111
48
112
49
113
50
114
49
113
50
114
115
51
116
52
115
51
116
52
53
117
54
118
53
117
54
118
119
55
120
56
119
55
120
56
49
113
50
114
49
113
50
114
115
51
116
52
115
51
116
52
53
117
54
118
53
117
54
118
119
55
120
56
119
55
120
56
121
57
122
58
121
57
122
58
59
123
60
124
59
123
60
124
125
61
126
62
125
61
126
62
63
127
64
128
63
127
64
128
121
57
122
58
121
57
122
58
59
123
60
124
59
123
60
124
125
61
126
62
125
61
126
62
63
127
64
128
63
127
64
128
86
22
85
21
86
22
85
21
24
88
23
87
24
88
23
87
82
18
81
17
82
18
81
17
20
84
19
83
20
84
19
83
86
22
85
21
86
22
85
21
24
88
23
87
24
88
23
87
82
18
81
17
82
18
81
17
20
84
19
83
20
84
19
83
30
94
29
93
30
94
29
93
96
32
95
31
96
32
95
31
26
90
25
89
26
90
25
89
92
28
91
27
92
28
91
27
30
94
29
93
30
94
29
93
96
32
95
31
96
32
95
31
26
90
25
89
26
90
25
89
92
28
91
27
92
28
91
27
70
6
69
5
70
6
69
5
8
72
7
71
8
72
7
71
66
2
65
1
66
2
65
1
4
68
3
67
4
68
3
67
70
6
69
5
70
6
69
5
8
72
7
71
8
72
7
71
66
2
65
1
66
2
65
1
4
68
3
67
4
68
3
67
14
78
13
77
14
78
13
77
80
16
79
15
80
16
79
15
10
74
9
73
10
74
9
73
76
12
75
11
76
12
75
11
14
78
13
77
14
78
13
77
80
16
79
15
80
16
79
15
10
74
9
73
10
74
9
73
76
12
75
11
76
12
75
11
86
22
85
21
86
22
85
21
24
88
23
87
24
88
23
87
82
18
81
17
82
18
81
17
20
84
19
83
20
84
19
83
86
22
85
21
86
22
85
21
24
88
23
87
24
88
23
87
82
18
81
17
82
18
81
17
20
84
19
83
20
84
19
83
30
94
29
93
30
94
29
93
96
32
95
31
96
32
95
31
26
90
25
89
26
90
25
89
92
28
91
27
92
28
91
27
30
94
29
93
30
94
29
93
96
32
95
31
96
32
95
31
26
90
25
89
26
90
25
89
92
28
91
27
92
28
91
27
70
6
69
5
70
6
69
5
8
72
7
71
8
72
7
71
66
2
65
1
66
2
65
1
4
68
3
67
4
68
3
67
70
6
69
5
70
6
69
5
8
72
7
71
8
72
7
71
66
2
65
1
66
2
65
1
4
68
3
67
4
68
3
67
14
78
13
77
14
78
13
77
80
16
79
15
80
16
79
15
10
74
9
73
10
74
9
73
76
12
75
11
76
12
75
11
14
78
13
77
14
78
13
77
80
16
79
15
80
16
79
15
10
74
9
73
10
74
9
73
76
12
75
11
76
12
75
11
54
118
53
117
54
118
53
117
120
56
119
55
120
56
119
55
50
114
49
113
50
114
49
113
116
52
115
51
116
52
115
51
54
118
53
117
54
118
53
117
120
56
119
55
120
56
119
55
50
114
49
113
50
114
49
113
116
52
115
51
116
52
115
51
126
62
125
61
126
62
125
61
64
128
63
127
64
128
63
127
122
58
121
57
122
58
121
57
60
124
59
123
60
124
59
123
126
62
125
61
126
62
125
61
64
128
63
127
64
128
63
127
122
58
121
57
122
58
121
57
60
124
59
123
60
124
59
123
38
102
37
101
38
102
37
101
104
40
103
39
104
40
103
39
34
98
33
97
34
98
33
97
100
36
99
35
100
36
99
35
38
102
37
101
38
102
37
101
104
40
103
39
104
40
103
39
34
98
33
97
34
98
33
97
100
36
99
35
100
36
99
35
110
46
109
45
110
46
109
45
48
112
47
111
48
112
47
111
106
42
105
41
106
42
105
41
44
108
43
107
44
108
43
107
110
46
109
45
110
46
109
45
48
112
47
111
48
112
47
111
106
42
105
41
106
42
105
41
44
108
43
107
44
108
43
107
54
118
53
117
54
118
53
117
120
56
119
55
120
56
119
55
50
114
49
113
50
114
49
113
116
52
115
51
116
52
115
51
54
118
53
117
54
118
53
117
120
56
119
55
120
56
119
55
50
114
49
113
50
114
49
113
116
52
115
51
116
52
115
51
126
62
125
61
126
62
125
61
64
128
63
127
64
128
63
127
122
58
121
57
122
58
121
57
60
124
59
123
60
124
59
123
126
62
125
61
126
62
125
61
64
128
63
127
64
128
63
127
122
58
121
57
122
58
121
57
60
124
59
123
60
124
59
123
38
102
37
101
38
102
37
101
104
40
103
39
104
40
103
39
34
98
33
97
34
98
33
97
100
36
99
35
100
36
99
35
38
102
37
101
38
102
37
101
104
40
103
39
104
40
103
39
34
98
33
97
34
98
33
97
100
36
99
35
100
36
99
35
110
46
109
45
110
46
109
45
48
112
47
111
48
112
47
111
106
42
105
41
106
42
105
41
44
108
43
107
44
108
43
107
110
46
109
45
110
46
109
45
48
112
47
111
48
112
47
111
106
42
105
41
106
42
105
41
44
108
43
107
44
108
43
107
