129
1
130
2
129
1
130
2
3
131
4
132
3
131
4
132
133
5
134
6
133
5
134
6
7
135
8
136
7
135
8
136
129
1
130
2
129
1
130
2
3
131
4
132
3
131
4
132
133
5
134
6
133
5
134
6
7
135
8
136
7
135
8
136
9
137
10
138
9
137
10
138
139
11
140
12
139
11
140
12
13
141
14
142
13
141
14
142
143
15
144
16
143
15
144
16
9
137
10
138
9
137
10
138
139
11
140
12
139
11
140
12
13
141
14
142
13
141
14
142
143
15
144
16
143
15
144
16
145
17
146
18
145
17
146
18
19
147
20
148
19
147
20
148
149
21
150
22
149
21
150
22
23
151
24
152
23
151
24
152
145
17
146
18
145
17
146
18
19
147
20
148
19
147
20
148
149
21
150
22
149
21
150
22
23
151
24
152
23
151
24
152
25
153
26
154
25
153
26
154
155
27
156
28
155
27
156
28
29
157
30
158
29
157
30
158
159
31
160
32
159
31
160
32
25
153
26
154
25
153
26
154
155
27
156
28
155
27
156
28
29
157
30
158
29
157
30
158
159
31
160
32
159
31
160
32
134
6
133
5
134
6
133
5
8
136
7
135
8
136
7
135
130
2
129
1
130
2
129
1
4
132
3
131
4
132
3
131
134
6
133
5
134
6
133
5
8
136
7
135
8
136
7
135
130
2
129
1
130
2
129
1
4
132
3
131
4
132
3
131
14
142
13
141
14
142
13
141
144
16
143
15
144
16
143
15
10
138
9
137
10
138
9
137
140
12
139
11
140
12
139
11
14
142
13
141
14
142
13
141
144
16
143
15
144
16
143
15
10
138
9
137
10
138
9
137
140
12
139
11
140
12
139
11
150
22
149
21
150
22
149
21
24
152
23
151
24
152
23
151
146
18
145
17
146
18
145
17
20
148
19
147
20
148
19
147
150
22
149
21
150
22
149
21
24
152
23
151
24
152
23
151
146
18
145
17
146
18
145
17
20
148
19
147
20
148
19
147
30
158
29
157
30
158
29
157
160
32
159
31
160
32
159
31
26
154
25
153
26
154
25
153
156
28
155
27
156
28
155
27
30
158
29
157
30
158
29
157
160
32
159
31
160
32
159
31
26
154
25
153
26
154
25
153
156
28
155
27
156
28
155
27
129
1
130
2
129
1
130
2
3
131
4
132
3
131
4
132
133
5
134
6
133
5
134
6
7
135
8
136
7
135
8
136
129
1
130
2
129
1
130
2
3
131
4
132
3
131
4
132
133
5
134
6
133
5
134
6
7
135
8
136
7
135
8
136
9
137
10
138
9
137
10
138
139
11
140
12
139
11
140
12
13
141
14
142
13
141
14
142
143
15
144
16
143
15
144
16
9
137
10
138
9
137
10
138
139
11
140
12
139
11
140
12
13
141
14
142
13
141
14
142
143
15
144
16
143
15
144
16
145
17
146
18
145
17
146
18
19
147
20
148
19
147
20
148
149
21
150
22
149
21
150
22
23
151
24
152
23
151
24
152
145
17
146
18
145
17
146
18
19
147
20
148
19
147
20
148
149
21
150
22
149
21
150
22
23
151
24
152
23
151
24
152
25
153
26
154
25
153
26
154
155
27
156
28
155
27
156
28
29
157
30
158
29
157
30
158
159
31
160
32
159
31
160
32
25
153
26
154
25
153
26
154
155
27
156
28
155
27
156
28
29
157
30
158
29
157
30
158
159
31
160
32
159
31
160
32
134
6
133
5
134
6
133
5
8
136
7
135
8
136
7
135
130
2
129
1
130
2
129
1
4
132
3
131
4
132
3
131
134
6
133
5
134
6
133
5
8
136
7
135
8
136
7
135
130
2
129
1
130
2
129
1
4
132
3
131
4
132
3
131
14
142
13
141
14
142
13
141
144
16
143
15
144
16
143
15
10
138
9
137
10
138
9
137
140
12
139
11
140
12
139
11
14
142
13
141
14
142
13
141
144
16
143
15
144
16
143
15
10
138
9
137
10
138
9
137
140
12
139
11
140
12
139
11
150
22
149
21
150
22
149
21
24
152
23
151
24
152
23
151
146
18
145
17
146
18
145
17
20
148
19
147
20
148
19
147
150
22
149
21
150
22
149
21
24
152
23
151
24
152
23
151
146
18
145
17
146
18
145
17
20
148
19
147
20
148
19
147
30
158
29
157
30
158
29
157
160
32
159
31
160
32
159
31
26
154
25
153
26
154
25
153
156
28
155
27
156
28
155
27
30
158
29
157
30
158
29
157
160
32
159
31
160
32
159
31
26
154
25
153
26
154
25
153
156
28
155
27
156
28
155
27
33
161
34
162
33
161
34
162
163
35
164
36
163
35
164
36
37
165
38
166
37
165
38
166
167
39
168
40
167
39
168
40
33
161
34
162
33
161
34
162
163
35
164
36
163
35
164
36
37
165
38
166
37
165
38
166
167
39
168
40
167
39
168
40
169
41
170
42
169
41
170
42
43
171
44
172
43
171
44
172
173
45
174
46
173
45
174
46
47
175
48
176
47
175
48
176
169
41
170
42
169
41
170
42
43
171
44
172
43
171
44
172
173
45
174
46
173
45
174
46
47
175
48
176
47
175
48
176
49
177
50
178
49
177
50
178
179
51
180
52
179
51
180
52
53
181
54
182
53
181
54
182
183
55
184
56
183
55
184
56
49
177
50
178
49
177
50
178
179
51
180
52
179
51
180
52
53
181
54
182
53
181
54
182
183
55
184
56
183
55
184
56
185
57
186
58
185
57
186
58
59
187
60
188
59
187
60
188
189
61
190
62
189
61
190
62
63
191
64
192
63
191
64
192
185
57
186
58
185
57
186
58
59
187
60
188
59
187
60
188
189
61
190
62
189
61
190
62
63
191
64
192
63
191
64
192
38
166
37
165
38
166
37
165
168
40
167
39
168
40
167
39
34
162
33
161
34
162
33
161
164
36
163
35
164
36
163
35
38
166
37
165
38
166
37
165
168
40
167
39
168
40
167
39
34
162
33
161
34
162
33
161
164
36
163
35
164
36
163
35
174
46
173
45
174
46
173
45
48
176
47
175
48
176
47
175
170
42
169
41
170
42
169
41
44
172
43
171
44
172
43
171
174
46
173
45
174
46
173
45
48
176
47
175
48
176
47
175
170
42
169
41
170
42
169
41
44
172
43
171
44
172
43
171
54
182
53
181
54
182
53
181
184
56
183
55
184
56
183
55
50
178
49
177
50
178
49
177
180
52
179
51
180
52
179
51
54
182
53
181
54
182
53
181
184
56
183
55
184
56
183
55
50
178
49
177
50
178
49
177
180
52
179
51
180
52
179
51
190
62
189
61
190
62
189
61
64
192
63
191
64
192
63
191
186
58
185
57
186
58
185
57
60
188
59
187
60
188
59
187
190
62
189
61
190
62
189
61
64
192
63
191
64
192
63
191
186
58
185
57
186
58
185
57
60
188
59
187
60
188
59
187
33
161
34
162
33
161
34
162
163
35
164
36
163
35
164
36
37
165
38
166
37
165
38
166
167
39
168
40
167
39
168
40
33
161
34
162
33
161
34
162
163
35
164
36
163
35
164
36
37
165
38
166
37
165
38
166
167
39
168
40
167
39
168
40
169
41
170
42
169
41
170
42
43
171
44
172
43
171
44
172
173
45
174
46
173
45
174
46
47
175
48
176
47
175
48
176
169
41
170
42
169
41
170
42
43
171
44
172
43
171
44
172
173
45
174
46
173
45
174
46
47
175
48
176
47
175
48
176
49
177
50
178
49
177
50
178
179
51
180
52
179
51
180
52
53
181
54
182
53
181
54
182
183
55
184
56
183
55
184
56
49
177
50
178
49
177
50
178
179
51
180
52
179
51
180
52
53
181
54
182
53
181
54
182
183
55
184
56
183
55
184
56
185
57
186
58
185
57
186
58
59
187
60
188
59
187
60
188
189
61
190
62
189
61
190
62
63
191
64
192
63
191
64
192
185
57
186
58
185
57
186
58
59
187
60
188
59
187
60
188
189
61
190
62
189
61
190
62
63
191
64
192
63
191
64
192
38
166
37
165
38
166
37
165
168
40
167
39
168
40
167
39
34
162
33
161
34
162
33
161
164
36
163
35
164
36
163
35
38
166
37
165
38
166
37
165
168
40
167
39
168
40
167
39
34
162
33
161
34
162
33
161
164
36
163
35
164
36
163
35
174
46
173
45
174
46
173
45
48
176
47
175
48
176
47
175
170
42
169
41
170
42
169
41
44
172
43
171
44
172
43
171
174
46
173
45
174
46
173
45
48
176
47
175
48
176
47
175
170
42
169
41
170
42
169
41
44
172
43
171
44
172
43
171
54
182
53
181
54
182
53
181
184
56
183
55
184
56
183
55
50
178
49
177
50
178
49
177
180
52
179
51
180
52
179
51
54
182
53
181
54
182
53
181
184
56
183
55
184
56
183
55
50
178
49
177
50
178
49
177
180
52
179
51
180
52
179
51
190
62
189
61
190
62
189
61
64
192
63
191
64
192
63
191
186
58
185
57
186
58
185
57
60
188
59
187
60
188
59
187
190
62
189
61
190
62
189
61
64
192
63
191
64
192
63
191
186
58
185
57
186
58
185
57
60
188
59
187
60
188
59
187
193
65
194
66
193
65
194
66
67
195
68
196
67
195
68
196
197
69
198
70
197
69
198
70
71
199
72
200
71
199
72
200
193
65
194
66
193
65
194
66
67
195
68
196
67
195
68
196
197
69
198
70
197
69
198
70
71
199
72
200
71
199
72
200
73
201
74
202
73
201
74
202
203
75
204
76
203
75
204
76
77
205
78
206
77
205
78
206
207
79
208
80
207
79
208
80
73
201
74
202
73
201
74
202
203
75
204
76
203
75
204
76
77
205
78
206
77
205
78
206
207
79
208
80
207
79
208
80
209
81
210
82
209
81
210
82
83
211
84
212
83
211
84
212
213
85
214
86
213
85
214
86
87
215
88
216
87
215
88
216
209
81
210
82
209
81
210
82
83
211
84
212
83
211
84
212
213
85
214
86
213
85
214
86
87
215
88
216
87
215
88
216
89
217
90
218
89
217
90
218
219
91
220
92
219
91
220
92
93
221
94
222
93
221
94
222
223
95
224
96
223
95
224
96
89
217
90
218
89
217
90
218
219
91
220
92
219
91
220
92
93
221
94
222
93
221
94
222
223
95
224
96
223
95
224
96
198
70
197
69
198
70
197
69
72
200
71
199
72
200
71
199
194
66
193
65
194
66
193
65
68
196
67
195
68
196
67
195
198
70
197
69
198
70
197
69
72
200
71
199
72
200
71
199
194
66
193
65
194
66
193
65
68
196
67
195
68
196
67
195
78
206
77
205
78
206
77
205
208
80
207
79
208
80
207
79
74
202
73
201
74
202
73
201
204
76
203
75
204
76
203
75
78
206
77
205
78
206
77
205
208
80
207
79
208
80
207
79
74
202
73
201
74
202
73
201
204
76
203
75
204
76
203
75
214
86
213
85
214
86
213
85
88
216
87
215
88
216
87
215
210
82
209
81
210
82
209
81
84
212
83
211
84
212
83
211
214
86
213
85
214
86
213
85
88
216
87
215
88
216
87
215
210
82
209
81
210
82
209
81
84
212
83
211
84
212
83
211
94
222
93
221
94
222
93
221
224
96
223
95
224
96
223
95
90
218
89
217
90
218
89
217
220
92
219
91
220
92
219
91
94
222
93
221
94
222
93
221
224
96
223
95
224
96
223
95
90
218
89
217
90
218
89
217
220
92
219
91
220
92
219
91
193
65
194
66
193
65
194
66
67
195
68
196
67
195
68
196
197
69
198
70
197
69
198
70
71
199
72
200
71
199
72
200
193
65
194
66
193
65
194
66
67
195
68
196
67
195
68
196
197
69
198
70
197
69
198
70
71
199
72
200
71
199
72
200
73
201
74
202
73
201
74
202
203
75
204
76
203
75
204
76
77
205
78
206
77
205
78
206
207
79
208
80
207
79
208
80
73
201
74
202
73
201
74
202
203
75
204
76
203
75
204
76
77
205
78
206
77
205
78
206
207
79
208
80
207
79
208
80
209
81
210
82
209
81
210
82
83
211
84
212
83
211
84
212
213
85
214
86
213
85
214
86
87
215
88
216
87
215
88
216
209
81
210
82
209
81
210
82
83
211
84
212
83
211
84
212
213
85
214
86
213
85
214
86
87
215
88
216
87
215
88
216
89
217
90
218
89
217
90
218
219
91
220
92
219
91
220
92
93
221
94
222
93
221
94
222
223
95
224
96
223
95
224
96
89
217
90
218
89
217
90
218
219
91
220
92
219
91
220
92
93
221
94
222
93
221
94
222
223
95
224
96
223
95
224
96
198
70
197
69
198
70
197
69
72
200
71
199
72
200
71
199
194
66
193
65
194
66
193
65
68
196
67
195
68
196
67
195
198
70
197
69
198
70
197
69
72
200
71
199
72
200
71
199
194
66
193
65
194
66
193
65
68
196
67
195
68
196
67
195
78
206
77
205
78
206
77
205
208
80
207
79
208
80
207
79
74
202
73
201
74
202
73
201
204
76
203
75
204
76
203
75
78
206
77
205
78
206
77
205
208
80
207
79
208
80
207
79
74
202
73
201
74
202
73
201
204
76
203
75
204
76
203
75
214
86
213
85
214
86
213
85
88
216
87
215
88
216
87
215
210
82
209
81
210
82
209
81
84
212
83
211
84
212
83
211
214
86
213
85
214
86
213
85
88
216
87
215
88
216
87
215
210
82
209
81
210
82
209
81
84
212
83
211
84
212
83
211
94
222
93
221
94
222
93
221
224
96
223
95
224
96
223
95
90
218
89
217
90
218
89
217
220
92
219
91
220
92
219
91
94
222
93
221
94
222
93
221
224
96
223
95
224
96
223
95
90
218
89
217
90
218
89
217
220
92
219
91
220
92
219
91
97
225
98
226
97
225
98
226
227
99
228
100
227
99
228
100
101
229
102
230
101
229
102
230
231
103
232
104
231
103
232
104
97
225
98
226
97
225
98
226
227
99
228
100
227
99
228
100
101
229
102
230
101
229
102
230
231
103
232
104
231
103
232
104
233
105
234
106
233
105
234
106
107
235
108
236
107
235
108
236
237
109
238
110
237
109
238
110
111
239
112
240
111
239
112
240
233
105
234
106
233
105
234
106
107
235
108
236
107
235
108
236
237
109
238
110
237
109
238
110
111
239
112
240
111
239
112
240
113
241
114
242
113
241
114
242
243
115
244
116
243
115
244
116
117
245
118
246
117
245
118
246
247
119
248
120
247
119
248
120
113
241
114
242
113
241
114
242
243
115
244
116
243
115
244
116
117
245
118
246
117
245
118
246
247
119
248
120
247
119
248
120
249
121
250
122
249
121
250
122
123
251
124
252
123
251
124
252
253
125
254
126
253
125
254
126
127
255
128
256
127
255
128
256
249
121
250
122
249
121
250
122
123
251
124
252
123
251
124
252
253
125
254
126
253
125
254
126
127
255
128
256
127
255
128
256
102
230
101
229
102
230
101
229
232
104
231
103
232
104
231
103
98
226
97
225
98
226
97
225
228
100
227
99
228
100
227
99
102
230
101
229
102
230
101
229
232
104
231
103
232
104
231
103
98
226
97
225
98
226
97
225
228
100
227
99
228
100
227
99
238
110
237
109
238
110
237
109
112
240
111
239
112
240
111
239
234
106
233
105
234
106
233
105
108
236
107
235
108
236
107
235
238
110
237
109
238
110
237
109
112
240
111
239
112
240
111
239
234
106
233
105
234
106
233
105
108
236
107
235
108
236
107
235
118
246
117
245
118
246
117
245
248
120
247
119
248
120
247
119
114
242
113
241
114
242
113
241
244
116
243
115
244
116
243
115
118
246
117
245
118
246
117
245
248
120
247
119
248
120
247
119
114
242
113
241
114
242
113
241
244
116
243
115
244
116
243
115
254
126
253
125
254
126
253
125
128
256
127
255
128
256
127
255
250
122
249
121
250
122
249
121
124
252
123
251
124
252
123
251
254
126
253
125
254
126
253
125
128
256
127
255
128
256
127
255
250
122
249
121
250
122
249
121
124
252
123
251
124
252
123
251
97
225
98
226
97
225
98
226
227
99
228
100
227
99
228
100
101
229
102
230
101
229
102
230
231
103
232
104
231
103
232
104
97
225
98
226
97
225
98
226
227
99
228
100
227
99
228
100
101
229
102
230
101
229
102
230
231
103
232
104
231
103
232
104
233
105
234
106
233
105
234
106
107
235
108
236
107
235
108
236
237
109
238
110
237
109
238
110
111
239
112
240
111
239
112
240
233
105
234
106
233
105
234
106
107
235
108
236
107
235
108
236
237
109
238
110
237
109
238
110
111
239
112
240
111
239
112
240
113
241
114
242
113
241
114
242
243
115
244
116
243
115
244
116
117
245
118
246
117
245
118
246
247
119
248
120
247
119
248
120
113
241
114
242
113
241
114
242
243
115
244
116
243
115
244
116
117
245
118
246
117
245
118
246
247
119
248
120
247
119
248
120
249
121
250
122
249
121
250
122
123
251
124
252
123
251
124
252
253
125
254
126
253
125
254
126
127
255
128
256
127
255
128
256
249
121
250
122
249
121
250
122
123
251
124
252
123
251
124
252
253
125
254
126
253
125
254
126
127
255
128
256
127
255
128
256
102
230
101
229
102
230
101
229
232
104
231
103
232
104
231
103
98
226
97
225
98
226
97
225
228
100
227
99
228
100
227
99
102
230
101
229
102
230
101
229
232
104
231
103
232
104
231
103
98
226
97
225
98
226
97
225
228
100
227
99
228
100
227
99
238
110
237
109
238
110
237
109
112
240
111
239
112
240
111
239
234
106
233
105
234
106
233
105
108
236
107
235
108
236
107
235
238
110
237
109
238
110
237
109
112
240
111
239
112
240
111
239
234
106
233
105
234
106
233
105
108
236
107
235
108
236
107
235
118
246
117
245
118
246
117
245
248
120
247
119
248
120
247
119
114
242
113
241
114
242
113
241
244
116
243
115
244
116
243
115
118
246
117
245
118
246
117
245
248
120
247
119
248
120
247
119
114
242
113
241
114
242
113
241
244
116
243
115
244
116
243
115
254
126
253
125
254
126
253
125
128
256
127
255
128
256
127
255
250
122
249
121
250
122
249
121
124
252
123
251
124
252
123
251
254
126
253
125
254
126
253
125
128
256
127
255
128
256
127
255
250
122
249
121
250
122
249
121
124
252
123
251
124
252
123
251
129
1
130
2
129
1
130
2
3
131
4
132
3
131
4
132
133
5
134
6
133
5
134
6
7
135
8
136
7
135
8
136
129
1
130
2
129
1
130
2
3
131
4
132
3
131
4
132
133
5
134
6
133
5
134
6
7
135
8
136
7
135
8
136
9
137
10
138
9
137
10
138
139
11
140
12
139
11
140
12
13
141
14
142
13
141
14
142
143
15
144
16
143
15
144
16
9
137
10
138
9
137
10
138
139
11
140
12
139
11
140
12
13
141
14
142
13
141
14
142
143
15
144
16
143
15
144
16
145
17
146
18
145
17
146
18
19
147
20
148
19
147
20
148
149
21
150
22
149
21
150
22
23
151
24
152
23
151
24
152
145
17
146
18
145
17
146
18
19
147
20
148
19
147
20
148
149
21
150
22
149
21
150
22
23
151
24
152
23
151
24
152
25
153
26
154
25
153
26
154
155
27
156
28
155
27
156
28
29
157
30
158
29
157
30
158
159
31
160
32
159
31
160
32
25
153
26
154
25
153
26
154
155
27
156
28
155
27
156
28
29
157
30
158
29
157
30
158
159
31
160
32
159
31
160
32
134
6
133
5
134
6
133
5
8
136
7
135
8
136
7
135
130
2
129
1
130
2
129
1
4
132
3
131
4
132
3
131
134
6
133
5
134
6
133
5
8
136
7
135
8
136
7
135
130
2
129
1
130
2
129
1
4
132
3
131
4
132
3
131
14
142
13
141
14
142
13
141
144
16
143
15
144
16
143
15
10
138
9
137
10
138
9
137
140
12
139
11
140
12
139
11
14
142
13
141
14
142
13
141
144
16
143
15
144
16
143
15
10
138
9
137
10
138
9
137
140
12
139
11
140
12
139
11
150
22
149
21
150
22
149
21
24
152
23
151
24
152
23
151
146
18
145
17
146
18
145
17
20
148
19
147
20
148
19
147
150
22
149
21
150
22
149
21
24
152
23
151
24
152
23
151
146
18
145
17
146
18
145
17
20
148
19
147
20
148
19
147
30
158
29
157
30
158
29
157
160
32
159
31
160
32
159
31
26
154
25
153
26
154
25
153
156
28
155
27
156
28
155
27
30
158
29
157
30
158
29
157
160
32
159
31
160
32
159
31
26
154
25
153
26
154
25
153
156
28
155
27
156
28
155
27
129
1
130
2
129
1
130
2
3
131
4
132
3
131
4
132
133
5
134
6
133
5
134
6
7
135
8
136
7
135
8
136
129
1
130
2
129
1
130
2
3
131
4
132
3
131
4
132
133
5
134
6
133
5
134
6
7
135
8
136
7
135
8
136
9
137
10
138
9
137
10
138
139
11
140
12
139
11
140
12
13
141
14
142
13
141
14
142
143
15
144
16
143
15
144
16
9
137
10
138
9
137
10
138
139
11
140
12
139
11
140
12
13
141
14
142
13
141
14
142
143
15
144
16
143
15
144
16
145
17
146
18
145
17
146
18
19
147
20
148
19
147
20
148
149
21
150
22
149
21
150
22
23
151
24
152
23
151
24
152
145
17
146
18
145
17
146
18
19
147
20
148
19
147
20
148
149
21
150
22
149
21
150
22
23
151
24
152
23
151
24
152
25
153
26
154
25
153
26
154
155
27
156
28
155
27
156
28
29
157
30
158
29
157
30
158
159
31
160
32
159
31
160
32
25
153
26
154
25
153
26
154
155
27
156
28
155
27
156
28
29
157
30
158
29
157
30
158
159
31
160
32
159
31
160
32
134
6
133
5
134
6
133
5
8
136
7
135
8
136
7
135
130
2
129
1
130
2
129
1
4
132
3
131
4
132
3
131
134
6
133
5
134
6
133
5
8
136
7
135
8
136
7
135
130
2
129
1
130
2
129
1
4
132
3
131
4
132
3
131
14
142
13
141
14
142
13
141
144
16
143
15
144
16
143
15
10
138
9
137
10
138
9
137
140
12
139
11
140
12
139
11
14
142
13
141
14
142
13
141
144
16
143
15
144
16
143
15
10
138
9
137
10
138
9
137
140
12
139
11
140
12
139
11
150
22
149
21
150
22
149
21
24
152
23
151
24
152
23
151
146
18
145
17
146
18
145
17
20
148
19
147
20
148
19
147
150
22
149
21
150
22
149
21
24
152
23
151
24
152
23
151
146
18
145
17
146
18
145
17
20
148
19
147
20
148
19
147
30
158
29
157
30
158
29
157
160
32
159
31
160
32
159
31
26
154
25
153
26
154
25
153
156
28
155
27
156
28
155
27
30
158
29
157
30
158
29
157
160
32
159
31
160
32
159
31
26
154
25
153
26
154
25
153
156
28
155
27
156
28
155
27
33
161
34
162
33
161
34
162
163
35
164
36
163
35
164
36
37
165
38
166
37
165
38
166
167
39
168
40
167
39
168
40
33
161
34
162
33
161
34
162
163
35
164
36
163
35
164
36
37
165
38
166
37
165
38
166
167
39
168
40
167
39
168
40
169
41
170
42
169
41
170
42
43
171
44
172
43
171
44
172
173
45
174
46
173
45
174
46
47
175
48
176
47
175
48
176
169
41
170
42
169
41
170
42
43
171
44
172
43
171
44
172
173
45
174
46
173
45
174
46
47
175
48
176
47
175
48
176
49
177
50
178
49
177
50
178
179
51
180
52
179
51
180
52
53
181
54
182
53
181
54
182
183
55
184
56
183
55
184
56
49
177
50
178
49
177
50
178
179
51
180
52
179
51
180
52
53
181
54
182
53
181
54
182
183
55
184
56
183
55
184
56
185
57
186
58
185
57
186
58
59
187
60
188
59
187
60
188
189
61
190
62
189
61
190
62
63
191
64
192
63
191
64
192
185
57
186
58
185
57
186
58
59
187
60
188
59
187
60
188
189
61
190
62
189
61
190
62
63
191
64
192
63
191
64
192
38
166
37
165
38
166
37
165
168
40
167
39
168
40
167
39
34
162
33
161
34
162
33
161
164
36
163
35
164
36
163
35
38
166
37
165
38
166
37
165
168
40
167
39
168
40
167
39
34
162
33
161
34
162
33
161
164
36
163
35
164
36
163
35
174
46
173
45
174
46
173
45
48
176
47
175
48
176
47
175
170
42
169
41
170
42
169
41
44
172
43
171
44
172
43
171
174
46
173
45
174
46
173
45
48
176
47
175
48
176
47
175
170
42
169
41
170
42
169
41
44
172
43
171
44
172
43
171
54
182
53
181
54
182
53
181
184
56
183
55
184
56
183
55
50
178
49
177
50
178
49
177
180
52
179
51
180
52
179
51
54
182
53
181
54
182
53
181
184
56
183
55
184
56
183
55
50
178
49
177
50
178
49
177
180
52
179
51
180
52
179
51
190
62
189
61
190
62
189
61
64
192
63
191
64
192
63
191
186
58
185
57
186
58
185
57
60
188
59
187
60
188
59
187
190
62
189
61
190
62
189
61
64
192
63
191
64
192
63
191
186
58
185
57
186
58
185
57
60
188
59
187
60
188
59
187
33
161
34
162
33
161
34
162
163
35
164
36
163
35
164
36
37
165
38
166
37
165
38
166
167
39
168
40
167
39
168
40
33
161
34
162
33
161
34
162
163
35
164
36
163
35
164
36
37
165
38
166
37
165
38
166
167
39
168
40
167
39
168
40
169
41
170
42
169
41
170
42
43
171
44
172
43
171
44
172
173
45
174
46
173
45
174
46
47
175
48
176
47
175
48
176
169
41
170
42
169
41
170
42
43
171
44
172
43
171
44
172
173
45
174
46
173
45
174
46
47
175
48
176
47
175
48
176
49
177
50
178
49
177
50
178
179
51
180
52
179
51
180
52
53
181
54
182
53
181
54
182
183
55
184
56
183
55
184
56
49
177
50
178
49
177
50
178
179
51
180
52
179
51
180
52
53
181
54
182
53
181
54
182
183
55
184
56
183
55
184
56
185
57
186
58
185
57
186
58
59
187
60
188
59
187
60
188
189
61
190
62
189
61
190
62
63
191
64
192
63
191
64
192
185
57
186
58
185
57
186
58
59
187
60
188
59
187
60
188
189
61
190
62
189
61
190
62
63
191
64
192
63
191
64
192
38
166
37
165
38
166
37
165
168
40
167
39
168
40
167
39
34
162
33
161
34
162
33
161
164
36
163
35
164
36
163
35
38
166
37
165
38
166
37
165
168
40
167
39
168
40
167
39
34
162
33
161
34
162
33
161
164
36
163
35
164
36
163
35
174
46
173
45
174
46
173
45
48
176
47
175
48
176
47
175
170
42
169
41
170
42
169
41
44
172
43
171
44
172
43
171
174
46
173
45
174
46
173
45
48
176
47
175
48
176
47
175
170
42
169
41
170
42
169
41
44
172
43
171
44
172
43
171
54
182
53
181
54
182
53
181
184
56
183
55
184
56
183
55
50
178
49
177
50
178
49
177
180
52
179
51
180
52
179
51
54
182
53
181
54
182
53
181
184
56
183
55
184
56
183
55
50
178
49
177
50
178
49
177
180
52
179
51
180
52
179
51
190
62
189
61
190
62
189
61
64
192
63
191
64
192
63
191
186
58
185
57
186
58
185
57
60
188
59
187
60
188
59
187
190
62
189
61
190
62
189
61
64
192
63
191
64
192
63
191
186
58
185
57
186
58
185
57
60
188
59
187
60
188
59
187
193
65
194
66
193
65
194
66
67
195
68
196
67
195
68
196
197
69
198
70
197
69
198
70
71
199
72
200
71
199
72
200
193
65
194
66
193
65
194
66
67
195
68
196
67
195
68
196
197
69
198
70
197
69
198
70
71
199
72
200
71
199
72
200
73
201
74
202
73
201
74
202
203
75
204
76
203
75
204
76
77
205
78
206
77
205
78
206
207
79
208
80
207
79
208
80
73
201
74
202
73
201
74
202
203
75
204
76
203
75
204
76
77
205
78
206
77
205
78
206
207
79
208
80
207
79
208
80
209
81
210
82
209
81
210
82
83
211
84
212
83
211
84
212
213
85
214
86
213
85
214
86
87
215
88
216
87
215
88
216
209
81
210
82
209
81
210
82
83
211
84
212
83
211
84
212
213
85
214
86
213
85
214
86
87
215
88
216
87
215
88
216
89
217
90
218
89
217
90
218
219
91
220
92
219
91
220
92
93
221
94
222
93
221
94
222
223
95
224
96
223
95
224
96
89
217
90
218
89
217
90
218
219
91
220
92
219
91
220
92
93
221
94
222
93
221
94
222
223
95
224
96
223
95
224
96
198
70
197
69
198
70
197
69
72
200
71
199
72
200
71
199
194
66
193
65
194
66
193
65
68
196
67
195
68
196
67
195
198
70
197
69
198
70
197
69
72
200
71
199
72
200
71
199
194
66
193
65
194
66
193
65
68
196
67
195
68
196
67
195
78
206
77
205
78
206
77
205
208
80
207
79
208
80
207
79
74
202
73
201
74
202
73
201
204
76
203
75
204
76
203
75
78
206
77
205
78
206
77
205
208
80
207
79
208
80
207
79
74
202
73
201
74
202
73
201
204
76
203
75
204
76
203
75
214
86
213
85
214
86
213
85
88
216
87
215
88
216
87
215
210
82
209
81
210
82
209
81
84
212
83
211
84
212
83
211
214
86
213
85
214
86
213
85
88
216
87
215
88
216
87
215
210
82
209
81
210
82
209
81
84
212
83
211
84
212
83
211
94
222
93
221
94
222
93
221
224
96
223
95
224
96
223
95
90
218
89
217
90
218
89
217
220
92
219
91
220
92
219
91
94
222
93
221
94
222
93
221
224
96
223
95
224
96
223
95
90
218
89
217
90
218
89
217
220
92
219
91
220
92
219
91
193
65
194
66
193
65
194
66
67
195
68
196
67
195
68
196
197
69
198
70
197
69
198
70
71
199
72
200
71
199
72
200
193
65
194
66
193
65
194
66
67
195
68
196
67
195
68
196
197
69
198
70
197
69
198
70
71
199
72
200
71
199
72
200
73
201
74
202
73
201
74
202
203
75
204
76
203
75
204
76
77
205
78
206
77
205
78
206
207
79
208
80
207
79
208
80
73
201
74
202
73
201
74
202
203
75
204
76
203
75
204
76
77
205
78
206
77
205
78
206
207
79
208
80
207
79
208
80
209
81
210
82
209
81
210
82
83
211
84
212
83
211
84
212
213
85
214
86
213
85
214
86
87
215
88
216
87
215
88
216
209
81
210
82
209
81
210
82
83
211
84
212
83
211
84
212
213
85
214
86
213
85
214
86
87
215
88
216
87
215
88
216
89
217
90
218
89
217
90
218
219
91
220
92
219
91
220
92
93
221
94
222
93
221
94
222
223
95
224
96
223
95
224
96
89
217
90
218
89
217
90
218
219
91
220
92
219
91
220
92
93
221
94
222
93
221
94
222
223
95
224
96
223
95
224
96
198
70
197
69
198
70
197
69
72
200
71
199
72
200
71
199
194
66
193
65
194
66
193
65
68
196
67
195
68
196
67
195
198
70
197
69
198
70
197
69
72
200
71
199
72
200
71
199
194
66
193
65
194
66
193
65
68
196
67
195
68
196
67
195
78
206
77
205
78
206
77
205
208
80
207
79
208
80
207
79
74
202
73
201
74
202
73
201
204
76
203
75
204
76
203
75
78
206
77
205
78
206
77
205
208
80
207
79
208
80
207
79
74
202
73
201
74
202
73
201
204
76
203
75
204
76
203
75
214
86
213
85
214
86
213
85
88
216
87
215
88
216
87
215
210
82
209
81
210
82
209
81
84
212
83
211
84
212
83
211
214
86
213
85
214
86
213
85
88
216
87
215
88
216
87
215
210
82
209
81
210
82
209
81
84
212
83
211
84
212
83
211
94
222
93
221
94
222
93
221
224
96
223
95
224
96
223
95
90
218
89
217
90
218
89
217
220
92
219
91
220
92
219
91
94
222
93
221
94
222
93
221
224
96
223
95
224
96
223
95
90
218
89
217
90
218
89
217
220
92
219
91
220
92
219
91
97
225
98
226
97
225
98
226
227
99
228
100
227
99
228
100
101
229
102
230
101
229
102
230
231
103
232
104
231
103
232
104
97
225
98
226
97
225
98
226
227
99
228
100
227
99
228
100
101
229
102
230
101
229
102
230
231
103
232
104
231
103
232
104
233
105
234
106
233
105
234
106
107
235
108
236
107
235
108
236
237
109
238
110
237
109
238
110
111
239
112
240
111
239
112
240
233
105
234
106
233
105
234
106
107
235
108
236
107
235
108
236
237
109
238
110
237
109
238
110
111
239
112
240
111
239
112
240
113
241
114
242
113
241
114
242
243
115
244
116
243
115
244
116
117
245
118
246
117
245
118
246
247
119
248
120
247
119
248
120
113
241
114
242
113
241
114
242
243
115
244
116
243
115
244
116
117
245
118
246
117
245
118
246
247
119
248
120
247
119
248
120
249
121
250
122
249
121
250
122
123
251
124
252
123
251
124
252
253
125
254
126
253
125
254
126
127
255
128
256
127
255
128
256
249
121
250
122
249
121
250
122
123
251
124
252
123
251
124
252
253
125
254
126
253
125
254
126
127
255
128
256
127
255
128
256
102
230
101
229
102
230
101
229
232
104
231
103
232
104
231
103
98
226
97
225
98
226
97
225
228
100
227
99
228
100
227
99
102
230
101
229
102
230
101
229
232
104
231
103
232
104
231
103
98
226
97
225
98
226
97
225
228
100
227
99
228
100
227
99
238
110
237
109
238
110
237
109
112
240
111
239
112
240
111
239
234
106
233
105
234
106
233
105
108
236
107
235
108
236
107
235
238
110
237
109
238
110
237
109
112
240
111
239
112
240
111
239
234
106
233
105
234
106
233
105
108
236
107
235
108
236
107
235
118
246
117
245
118
246
117
245
248
120
247
119
248
120
247
119
114
242
113
241
114
242
113
241
244
116
243
115
244
116
243
115
118
246
117
245
118
246
117
245
248
120
247
119
248
120
247
119
114
242
113
241
114
242
113
241
244
116
243
115
244
116
243
115
254
126
253
125
254
126
253
125
128
256
127
255
128
256
127
255
250
122
249
121
250
122
249
121
124
252
123
251
124
252
123
251
254
126
253
125
254
126
253
125
128
256
127
255
128
256
127
255
250
122
249
121
250
122
249
121
124
252
123
251
124
252
123
251
97
225
98
226
97
225
98
226
227
99
228
100
227
99
228
100
101
229
102
230
101
229
102
230
231
103
232
104
231
103
232
104
97
225
98
226
97
225
98
226
227
99
228
100
227
99
228
100
101
229
102
230
101
229
102
230
231
103
232
104
231
103
232
104
233
105
234
106
233
105
234
106
107
235
108
236
107
235
108
236
237
109
238
110
237
109
238
110
111
239
112
240
111
239
112
240
233
105
234
106
233
105
234
106
107
235
108
236
107
235
108
236
237
109
238
110
237
109
238
110
111
239
112
240
111
239
112
240
113
241
114
242
113
241
114
242
243
115
244
116
243
115
244
116
117
245
118
246
117
245
118
246
247
119
248
120
247
119
248
120
113
241
114
242
113
241
114
242
243
115
244
116
243
115
244
116
117
245
118
246
117
245
118
246
247
119
248
120
247
119
248
120
249
121
250
122
249
121
250
122
123
251
124
252
123
251
124
252
253
125
254
126
253
125
254
126
127
255
128
256
127
255
128
256
249
121
250
122
249
121
250
122
123
251
124
252
123
251
124
252
253
125
254
126
253
125
254
126
127
255
128
256
127
255
128
256
102
230
101
229
102
230
101
229
232
104
231
103
232
104
231
103
98
226
97
225
98
226
97
225
228
100
227
99
228
100
227
99
102
230
101
229
102
230
101
229
232
104
231
103
232
104
231
103
98
226
97
225
98
226
97
225
228
100
227
99
228
100
227
99
238
110
237
109
238
110
237
109
112
240
111
239
112
240
111
239
234
106
233
105
234
106
233
105
108
236
107
235
108
236
107
235
238
110
237
109
238
110
237
109
112
240
111
239
112
240
111
239
234
106
233
105
234
106
233
105
108
236
107
235
108
236
107
235
118
246
117
245
118
246
117
245
248
120
247
119
248
120
247
119
114
242
113
241
114
242
113
241
244
116
243
115
244
116
243
115
118
246
117
245
118
246
117
245
248
120
247
119
248
120
247
119
114
242
113
241
114
242
113
241
244
116
243
115
244
116
243
115
254
126
253
125
254
126
253
125
128
256
127
255
128
256
127
255
250
122
249
121
250
122
249
121
124
252
123
251
124
252
123
251
254
126
253
125
254
126
253
125
128
256
127
255
128
256
127
255
250
122
249
121
250
122
249
121
124
252
123
251
124
252
123
251
