46
1
45
2
46
1
45
2
3
57
4
58
3
57
4
58
61
5
62
6
61
5
62
6
1
43
2
44
1
43
2
44
63
3
64
4
63
3
64
4
5
37
6
38
5
37
6
38
65
7
66
8
65
7
66
8
9
67
10
68
9
67
10
68
11
40
12
39
11
40
12
39
54
7
53
8
54
7
53
8
9
65
10
66
9
65
10
66
60
11
59
12
60
11
59
12
13
45
14
46
13
45
14
46
41
15
42
16
41
15
42
16
17
44
18
43
17
44
18
43
61
13
62
14
61
13
62
14
69
6
70
5
69
6
70
5
15
63
16
64
15
63
16
64
56
17
55
18
56
17
55
18
19
58
20
57
19
58
20
57
67
8
68
7
67
8
68
7
2
48
1
47
2
48
1
47
71
4
72
3
71
4
72
3
19
73
20
74
19
73
20
74
1
45
2
46
1
45
2
46
62
3
61
4
62
3
61
4
14
50
13
49
14
50
13
49
39
5
40
6
39
5
40
6
10
64
9
63
10
64
9
63
66
12
65
11
66
12
65
11
21
75
22
76
21
75
22
76
67
8
68
7
67
8
68
7
72
9
71
10
72
9
71
10
11
57
12
58
11
57
12
58
59
7
60
8
59
7
60
8
1
69
2
70
1
69
2
70
72
3
71
4
72
3
71
4
13
42
14
41
13
42
14
41
51
5
52
6
51
5
52
6
16
44
15
43
16
44
15
43
13
69
14
70
13
69
14
70
63
6
64
5
63
6
64
5
15
24
16
23
15
24
16
23
61
17
62
18
61
17
62
18
19
49
20
50
19
49
20
50
68
7
67
8
68
7
67
8
2
56
1
55
2
56
1
55
61
4
62
3
61
4
62
3
66
8
65
7
66
8
65
7
19
68
20
67
19
68
20
67
71
10
72
9
71
10
72
9
12
65
11
66
12
65
11
66
73
21
74
22
73
21
74
22
10
58
9
57
10
58
9
57
71
11
72
12
71
11
72
12
17
73
18
74
17
73
18
74
16
60
15
59
16
60
15
59
75
21
76
22
75
21
76
22
14
70
13
69
14
70
13
69
52
8
51
7
52
8
51
7
23
75
24
76
23
75
24
76
69
25
70
26
69
25
70
26
20
77
19
78
20
77
19
78
79
23
80
24
79
23
80
24
18
50
17
49
18
50
17
49
72
24
71
23
72
24
71
23
20
67
19
68
20
67
19
68
74
16
73
15
74
16
73
15
18
49
17
50
18
49
17
50
56
12
55
11
56
12
55
11
21
57
22
58
21
57
22
58
47
26
48
25
47
26
48
25
76
27
75
28
76
27
75
28
29
51
30
52
29
51
30
52
48
22
47
21
48
22
47
21
25
69
26
70
25
69
26
70
62
27
61
28
62
27
61
28
24
52
23
51
24
52
23
51
54
29
53
30
54
29
53
30
31
64
32
63
31
64
32
63
33
58
34
57
33
58
34
57
77
35
78
36
77
35
78
36
2
79
1
80
2
79
1
80
71
4
72
3
71
4
72
3
31
76
32
75
31
76
32
75
59
33
60
34
59
33
60
34
35
77
36
78
35
77
36
78
79
37
80
38
79
37
80
38
53
18
54
17
53
18
54
17
20
66
19
65
20
66
19
65
68
23
67
24
68
23
67
24
16
43
15
44
16
43
15
44
53
18
54
17
53
18
54
17
20
55
19
56
20
55
19
56
70
25
69
26
70
25
69
26
23
49
24
50
23
49
24
50
22
74
21
73
22
74
21
73
51
25
52
26
51
25
52
26
27
46
28
45
27
46
28
45
74
22
73
21
74
22
73
21
29
57
30
58
29
57
30
58
62
27
61
28
62
27
61
28
32
81
31
82
32
81
31
82
60
29
59
30
60
29
59
30
76
33
75
34
76
33
75
34
2
56
1
55
2
56
1
55
54
4
53
3
54
4
53
3
31
76
32
75
31
76
32
75
60
6
59
5
60
6
59
5
15
63
16
64
15
63
16
64
54
35
53
36
54
35
53
36
37
26
38
25
37
26
38
25
28
58
27
57
28
58
27
57
62
30
61
29
62
30
61
29
35
77
36
78
35
77
36
78
79
26
80
25
79
26
80
25
33
82
34
81
33
82
34
81
83
39
84
40
83
39
84
40
14
46
13
45
14
46
13
45
85
41
86
42
85
41
86
42
53
39
54
40
53
39
54
40
32
81
31
82
32
81
31
82
64
37
63
38
64
37
63
38
41
85
42
86
41
85
42
86
53
30
54
29
53
30
54
29
32
87
31
88
32
87
31
88
89
43
90
44
89
43
90
44
6
91
5
92
6
91
5
92
55
14
56
13
55
14
56
13
10
59
9
60
10
59
9
60
83
12
84
11
83
12
84
11
34
66
33
65
34
66
33
65
72
9
71
10
72
9
71
10
19
68
20
67
19
68
20
67
60
2
59
1
60
2
59
1
4
69
3
70
4
69
3
70
41
68
42
67
41
68
42
67
73
38
74
37
73
38
74
37
39
82
40
81
39
82
40
81
55
6
56
5
55
6
56
5
36
78
35
77
36
78
35
77
73
38
74
37
73
38
74
37
39
81
40
82
39
81
40
82
66
16
65
15
66
16
65
15
84
43
83
44
84
43
83
44
32
85
31
86
32
85
31
86
87
45
88
46
87
45
88
46
30
89
29
90
30
89
29
90
84
21
83
22
84
21
83
22
14
50
13
49
14
50
13
49
85
10
86
9
85
10
86
9
12
87
11
88
12
87
11
88
40
55
39
56
40
55
39
56
70
10
69
9
70
10
69
9
12
75
11
76
12
75
11
76
47
34
48
33
47
34
48
33
40
51
39
52
40
51
39
52
80
41
79
42
80
41
79
42
45
89
46
90
45
89
46
90
52
28
51
27
52
28
51
27
64
36
63
35
64
36
63
35
38
80
37
79
38
80
37
79
81
41
82
42
81
41
82
42
36
78
35
77
36
78
35
77
65
24
66
23
65
24
66
23
38
88
37
87
38
88
37
87
91
17
92
18
91
17
92
18
47
65
48
66
47
65
48
66
24
67
23
68
24
67
23
68
83
43
84
44
83
43
84
44
39
86
40
85
39
86
40
85
67
9
68
10
67
9
68
10
11
70
12
69
11
70
12
69
48
44
47
43
48
44
47
43
9
78
10
77
9
78
10
77
93
12
94
11
93
12
94
11
87
45
88
46
87
45
88
46
48
89
47
90
48
89
47
90
91
18
92
17
91
18
92
17
13
55
14
56
13
55
14
56
51
1
52
2
51
1
52
2
3
95
4
96
3
95
4
96
75
49
76
50
75
49
76
50
31
82
32
81
31
82
32
81
36
95
35
96
36
95
35
96
80
25
79
26
80
25
79
26
27
93
28
94
27
93
28
94
57
45
58
46
57
45
58
46
47
97
48
98
47
97
48
98
61
28
62
27
61
28
62
27
34
99
33
100
34
99
33
100
84
51
83
52
84
51
83
52
5
46
6
45
5
46
6
45
54
1
53
2
54
1
53
2
3
52
4
51
3
52
4
51
63
7
64
8
63
7
64
8
23
70
24
69
23
70
24
69
76
5
75
6
76
5
75
6
7
63
8
64
7
63
8
64
62
23
61
24
62
23
61
24
71
19
72
20
71
19
72
20
17
49
18
50
17
49
18
50
58
13
57
14
58
13
57
14
42
60
41
59
42
60
41
59
79
1
80
2
79
1
80
2
3
44
4
43
3
44
4
43
83
17
84
18
83
17
84
18
22
78
21
77
22
78
21
77
8
60
7
59
8
60
7
59
61
15
62
16
61
15
62
16
26
65
25
66
26
65
25
66
67
19
68
20
67
19
68
20
11
91
12
92
11
91
12
92
57
15
58
16
57
15
58
16
48
56
47
55
48
56
47
55
74
30
73
29
74
30
73
29
82
1
81
2
82
1
81
2
3
90
4
89
3
90
4
89
63
5
64
6
63
5
64
6
7
93
8
94
7
93
8
94
61
28
62
27
61
28
62
27
5
64
6
63
5
64
6
63
67
34
68
33
67
34
68
33
13
75
14
76
13
75
14
76
19
50
20
49
19
50
20
49
57
17
58
18
57
17
58
18
14
59
13
60
14
59
13
60
50
2
49
1
50
2
49
1
4
71
3
72
4
71
3
72
73
26
74
25
73
26
74
25
7
83
8
84
7
83
8
84
69
16
70
15
69
16
70
15
61
6
62
5
61
6
62
5
8
71
7
72
8
71
7
72
52
15
51
16
52
15
51
16
19
87
20
88
19
87
20
88
89
21
90
22
89
21
90
22
30
56
29
55
30
56
29
55
57
2
58
1
57
2
58
1
4
79
3
80
4
79
3
80
21
60
22
59
21
60
22
59
65
11
66
12
65
11
66
12
49
69
50
70
49
69
50
70
84
38
83
37
84
38
83
37
42
94
41
93
42
94
41
93
59
18
60
17
59
18
60
17
20
66
19
65
20
66
19
65
74
40
73
39
74
40
73
39
86
29
85
30
86
29
85
30
33
75
34
76
33
75
34
76
99
44
100
43
99
44
100
43
40
96
39
95
40
96
39
95
92
25
91
26
92
25
91
26
16
77
15
78
16
77
15
78
101
11
102
12
101
11
102
12
38
97
37
98
38
97
37
98
47
26
48
25
47
26
48
25
28
67
27
68
28
67
27
68
56
16
55
15
56
16
55
15
18
61
17
62
18
61
17
62
50
14
49
13
50
14
49
13
21
51
22
52
21
51
22
52
53
27
54
28
53
27
54
28
9
57
10
58
9
57
10
58
11
51
12
52
11
51
12
52
64
24
63
23
64
24
63
23
9
69
10
70
9
69
10
70
48
31
47
32
48
31
47
32
29
45
30
46
29
45
30
46
65
26
66
25
65
26
66
25
31
36
32
35
31
36
32
35
79
33
80
34
79
33
80
34
42
35
41
36
42
35
41
36
21
76
22
75
21
76
22
75
53
33
54
34
53
33
54
34
35
72
36
71
35
72
36
71
74
37
73
38
74
37
73
38
8
59
7
60
8
59
7
60
70
20
69
19
70
20
69
19
6
91
5
92
6
91
5
92
25
66
26
65
25
66
26
65
68
27
67
28
68
27
67
28
43
56
44
55
43
56
44
55
82
16
81
15
82
16
81
15
10
76
9
75
10
76
9
75
39
18
40
17
39
18
40
17
21
49
22
50
21
49
22
50
53
9
54
10
53
9
54
10
51
29
52
30
51
29
52
30
23
73
24
74
23
73
24
74
62
31
61
32
62
31
61
32
29
79
30
80
29
79
30
80
54
45
53
46
54
45
53
46
12
52
11
51
12
52
11
51
62
23
61
24
62
23
61
24
32
72
31
71
32
72
31
71
34
46
33
45
34
46
33
45
54
35
53
36
54
35
53
36
26
77
25
78
26
77
25
78
58
6
57
5
58
6
57
5
8
63
7
64
8
63
7
64
68
13
67
14
68
13
67
14
27
81
28
82
27
81
28
82
63
41
64
42
63
41
64
42
92
13
91
14
92
13
91
14
20
81
19
82
20
81
19
82
97
10
98
9
97
10
98
9
24
72
23
71
24
72
23
71
74
32
73
31
74
32
73
31
10
69
9
70
10
69
9
70
85
35
86
36
85
35
86
36
43
55
44
56
43
55
44
56
18
70
17
69
18
70
17
69
88
32
87
31
88
32
87
31
22
90
21
89
22
90
21
89
53
2
54
1
53
2
54
1
4
82
3
81
4
82
3
81
80
46
79
45
80
46
79
45
48
71
47
72
48
71
47
72
89
50
90
49
89
50
90
49
4
59
3
60
4
59
3
60
66
8
65
7
66
8
65
7
6
71
5
72
6
71
5
72
57
11
58
12
57
11
58
12
19
67
20
68
19
67
20
68
56
34
55
33
56
34
55
33
1
73
2
74
1
73
2
74
75
14
76
13
75
14
76
13
81
37
82
38
81
37
82
38
29
73
30
74
29
73
30
74
77
39
78
40
77
39
78
40
27
75
28
76
27
75
28
76
64
43
63
44
64
43
63
44
24
62
23
61
24
62
23
61
85
16
86
15
85
16
86
15
39
68
40
67
39
68
40
67
18
58
17
57
18
58
17
57
80
2
79
1
80
2
79
1
41
50
42
49
41
50
42
49
52
3
51
4
52
3
51
4
22
83
21
84
22
83
21
84
77
13
78
14
77
13
78
14
41
71
42
72
41
71
42
72
7
28
8
27
7
28
8
27
78
45
77
46
78
45
77
46
12
70
11
69
12
70
11
69
8
20
7
19
8
20
7
19
25
66
26
65
25
66
26
65
69
32
70
31
69
32
70
31
1
55
2
56
1
55
2
56
80
3
79
4
80
3
79
4
43
15
44
16
43
15
44
16
22
84
21
83
22
84
21
83
64
37
63
38
64
37
63
38
39
75
40
76
39
75
40
76
85
34
86
33
85
34
86
33
36
60
35
59
36
60
35
59
87
19
88
20
87
19
88
20
37
89
38
90
37
89
38
90
59
36
60
35
59
36
60
35
67
47
68
48
67
47
68
48
1
80
2
79
1
80
2
79
91
3
92
4
91
3
92
4
11
95
12
96
11
95
12
96
83
17
84
18
83
17
84
18
15
65
16
66
15
65
16
66
75
5
76
6
75
5
76
6
11
93
12
94
11
93
12
94
15
39
16
40
15
39
16
40
100
30
99
29
100
30
99
29
27
93
28
94
27
93
28
94
101
43
102
44
101
43
102
44
47
78
48
77
47
78
48
77
91
39
92
40
91
39
92
40
3
95
4
96
3
95
4
96
77
7
78
8
77
7
78
8
83
36
84
35
83
36
84
35
41
62
42
61
41
62
42
61
85
45
86
46
85
45
86
46
35
103
36
104
35
103
36
104
60
37
59
38
60
37
59
38
41
6
42
5
41
6
42
5
87
30
88
29
87
30
88
29
19
103
20
104
19
103
20
104
78
22
77
21
78
22
77
21
10
89
9
90
10
89
9
90
79
23
80
24
79
23
80
24
25
7
26
8
25
7
26
8
66
9
65
10
66
9
65
10
32
72
31
71
32
72
31
71
82
12
81
11
82
12
81
11
42
69
41
70
42
69
41
70
20
72
19
71
20
72
19
71
84
34
83
33
84
34
83
33
36
68
35
67
36
68
35
67
81
38
82
37
81
38
82
37
42
87
41
88
42
87
41
88
89
35
90
36
89
35
90
36
45
84
46
83
45
84
46
83
88
25
87
26
88
25
87
26
86
31
85
32
86
31
85
32
13
60
14
59
13
60
14
59
91
46
92
45
91
46
92
45
30
15
29
16
30
15
29
16
86
6
85
5
86
6
85
5
40
11
39
12
40
11
39
12
93
10
94
9
93
10
94
9
23
95
24
96
23
95
24
96
40
4
39
3
40
4
39
3
87
10
88
9
87
10
88
9
24
71
23
72
24
71
23
72
73
47
74
48
73
47
74
48
28
96
27
95
28
96
27
95
91
33
92
34
91
33
92
34
29
74
30
73
29
74
30
73
82
48
81
47
82
48
81
47
26
19
25
20
26
19
25
20
17
5
18
6
17
5
18
6
81
49
82
50
81
49
82
50
21
67
22
68
21
67
22
68
94
41
93
42
94
41
93
42
26
97
25
98
26
97
25
98
99
46
100
45
99
46
100
45
14
101
13
102
14
101
13
102
28
85
27
86
28
85
27
86
60
44
59
43
60
44
59
43
51
89
52
90
51
89
52
90
88
9
87
10
88
9
87
10
30
80
29
79
30
80
29
79
86
24
85
23
86
24
85
23
9
70
10
69
9
70
10
69
88
49
87
50
88
49
87
50
76
24
75
23
76
24
75
23
33
58
34
57
33
58
34
57
84
38
83
37
84
38
83
37
13
64
14
63
13
64
14
63
100
1
99
2
100
1
99
2
28
22
27
21
28
22
27
21
84
33
83
34
84
33
83
34
25
98
26
97
25
98
26
97
5
74
6
73
5
74
6
73
95
12
96
11
95
12
96
11
17
105
18
106
17
105
18
106
92
15
91
16
92
15
91
16
49
94
50
93
49
94
50
93
102
18
101
17
102
18
101
17
44
105
43
106
44
105
43
106
54
38
53
37
54
38
53
37
30
92
29
91
30
92
29
91
87
28
88
27
87
28
88
27
31
97
32
98
31
97
32
98
78
33
77
34
78
33
77
34
39
95
40
96
39
95
40
96
80
47
79
48
80
47
79
48
27
97
28
98
27
97
28
98
94
49
93
50
94
49
93
50
99
43
100
44
99
43
100
44
47
101
48
102
47
101
48
102
93
49
94
50
93
49
94
50
51
99
52
100
51
99
52
100
21
53
22
54
21
53
22
54
55
103
56
104
55
103
56
104
101
51
102
52
101
51
102
52
53
106
54
105
53
106
54
105
55
90
56
89
55
90
56
89
75
21
76
22
75
21
76
22
26
103
25
104
26
103
25
104
90
44
89
43
90
44
89
43
23
98
24
97
23
98
24
97
107
50
108
49
107
50
108
49
57
109
58
110
57
109
58
110
111
59
112
60
111
59
112
60
92
38
91
37
92
38
91
37
42
96
41
95
42
96
41
95
83
33
84
34
83
33
84
34
35
77
36
78
35
77
36
78
82
37
81
38
82
37
81
38
61
105
62
106
61
105
62
106
113
63
114
64
113
63
114
64
65
83
66
84
65
83
66
84
52
79
51
80
52
79
51
80
29
32
30
31
29
32
30
31
53
97
54
98
53
97
54
98
92
45
91
46
92
45
91
46
52
101
51
102
52
101
51
102
103
43
104
44
103
43
104
44
18
78
17
77
18
78
17
77
108
34
107
33
108
34
107
33
103
55
104
56
103
55
104
56
36
78
35
77
36
78
35
77
99
48
100
47
99
48
100
47
40
106
39
105
40
106
39
105
32
55
31
56
32
55
31
56
48
90
47
89
48
90
47
89
109
40
110
39
109
40
110
39
53
106
54
105
53
106
54
105
45
82
46
81
45
82
46
81
102
50
101
49
102
50
101
49
42
107
41
108
42
107
41
108
109
57
110
58
109
57
110
58
54
4
53
3
54
4
53
3
107
36
108
35
107
36
108
35
31
111
32
112
31
111
32
112
113
57
114
58
113
57
114
58
48
52
47
51
48
52
47
51
26
111
25
112
26
111
25
112
113
56
114
55
113
56
114
55
59
115
60
116
59
115
60
116
117
46
118
45
117
46
118
45
61
16
62
15
61
16
62
15
115
59
116
60
115
59
116
60
63
35
64
36
63
35
64
36
