225
1
226
2
225
1
226
2
3
227
4
228
3
227
4
228
229
5
230
6
229
5
230
6
7
231
8
232
7
231
8
232
225
1
226
2
225
1
226
2
3
227
4
228
3
227
4
228
229
5
230
6
229
5
230
6
7
231
8
232
7
231
8
232
9
233
10
234
9
233
10
234
235
11
236
12
235
11
236
12
13
237
14
238
13
237
14
238
239
15
240
16
239
15
240
16
9
233
10
234
9
233
10
234
235
11
236
12
235
11
236
12
13
237
14
238
13
237
14
238
239
15
240
16
239
15
240
16
241
17
242
18
241
17
242
18
19
243
20
244
19
243
20
244
245
21
246
22
245
21
246
22
23
247
24
248
23
247
24
248
241
17
242
18
241
17
242
18
19
243
20
244
19
243
20
244
245
21
246
22
245
21
246
22
23
247
24
248
23
247
24
248
25
249
26
250
25
249
26
250
251
27
252
28
251
27
252
28
29
253
30
254
29
253
30
254
255
31
256
32
255
31
256
32
25
249
26
250
25
249
26
250
251
27
252
28
251
27
252
28
29
253
30
254
29
253
30
254
255
31
256
32
255
31
256
32
217
33
218
34
217
33
218
34
35
219
36
220
35
219
36
220
221
37
222
38
221
37
222
38
39
223
40
224
39
223
40
224
217
33
218
34
217
33
218
34
35
219
36
220
35
219
36
220
221
37
222
38
221
37
222
38
39
223
40
224
39
223
40
224
41
257
42
258
41
257
42
258
259
43
260
44
259
43
260
44
45
261
46
262
45
261
46
262
263
47
264
48
263
47
264
48
41
257
42
258
41
257
42
258
259
43
260
44
259
43
260
44
45
261
46
262
45
261
46
262
263
47
264
48
263
47
264
48
225
1
226
2
225
1
226
2
3
227
4
228
3
227
4
228
229
5
230
6
229
5
230
6
7
231
8
232
7
231
8
232
225
1
226
2
225
1
226
2
3
227
4
228
3
227
4
228
229
5
230
6
229
5
230
6
7
231
8
232
7
231
8
232
9
233
10
234
9
233
10
234
235
11
236
12
235
11
236
12
13
237
14
238
13
237
14
238
239
15
240
16
239
15
240
16
9
233
10
234
9
233
10
234
235
11
236
12
235
11
236
12
13
237
14
238
13
237
14
238
239
15
240
16
239
15
240
16
241
17
242
18
241
17
242
18
19
243
20
244
19
243
20
244
245
21
246
22
245
21
246
22
23
247
24
248
23
247
24
248
241
17
242
18
241
17
242
18
19
243
20
244
19
243
20
244
245
21
246
22
245
21
246
22
23
247
24
248
23
247
24
248
25
249
26
250
25
249
26
250
251
27
252
28
251
27
252
28
29
253
30
254
29
253
30
254
255
31
256
32
255
31
256
32
25
249
26
250
25
249
26
250
251
27
252
28
251
27
252
28
29
253
30
254
29
253
30
254
255
31
256
32
255
31
256
32
265
33
266
34
265
33
266
34
35
267
36
268
35
267
36
268
269
37
270
38
269
37
270
38
39
271
40
272
39
271
40
272
265
33
266
34
265
33
266
34
35
267
36
268
35
267
36
268
269
37
270
38
269
37
270
38
39
271
40
272
39
271
40
272
41
257
42
258
41
257
42
258
259
43
260
44
259
43
260
44
45
261
46
262
45
261
46
262
263
47
264
48
263
47
264
48
41
257
42
258
41
257
42
258
259
43
260
44
259
43
260
44
45
261
46
262
45
261
46
262
263
47
264
48
263
47
264
48
273
49
274
50
273
49
274
50
51
275
52
276
51
275
52
276
277
53
278
54
277
53
278
54
55
279
56
280
55
279
56
280
273
49
274
50
273
49
274
50
51
275
52
276
51
275
52
276
277
53
278
54
277
53
278
54
55
279
56
280
55
279
56
280
57
98
58
97
57
98
58
97
100
59
99
60
100
59
99
60
61
102
62
101
61
102
62
101
104
63
103
64
104
63
103
64
57
98
58
97
57
98
58
97
100
59
99
60
100
59
99
60
61
102
62
101
61
102
62
101
104
63
103
64
104
63
103
64
106
65
105
66
106
65
105
66
67
108
68
107
67
108
68
107
110
69
109
70
110
69
109
70
71
112
72
111
71
112
72
111
106
65
105
66
106
65
105
66
67
108
68
107
67
108
68
107
110
69
109
70
110
69
109
70
71
112
72
111
71
112
72
111
73
281
74
282
73
281
74
282
283
75
284
76
283
75
284
76
77
285
78
286
77
285
78
286
287
79
288
80
287
79
288
80
73
281
74
282
73
281
74
282
283
75
284
76
283
75
284
76
77
285
78
286
77
285
78
286
287
79
288
80
287
79
288
80
46
186
45
185
46
186
45
185
188
48
187
47
188
48
187
47
42
190
41
189
42
190
41
189
192
44
191
43
192
44
191
43
46
186
45
185
46
186
45
185
188
48
187
47
188
48
187
47
42
190
41
189
42
190
41
189
192
44
191
43
192
44
191
43
202
54
201
53
202
54
201
53
56
204
55
203
56
204
55
203
206
50
205
49
206
50
205
49
52
208
51
207
52
208
51
207
202
54
201
53
202
54
201
53
56
204
55
203
56
204
55
203
206
50
205
49
206
50
205
49
52
208
51
207
52
208
51
207
62
210
61
209
62
210
61
209
212
64
211
63
212
64
211
63
58
214
57
213
58
214
57
213
216
60
215
59
216
60
215
59
62
210
61
209
62
210
61
209
212
64
211
63
212
64
211
63
58
214
57
213
58
214
57
213
216
60
215
59
216
60
215
59
265
70
266
69
265
70
266
69
72
267
71
268
72
267
71
268
269
66
270
65
269
66
270
65
68
271
67
272
68
271
67
272
265
70
266
69
265
70
266
69
72
267
71
268
72
267
71
268
269
66
270
65
269
66
270
65
68
271
67
272
68
271
67
272
78
178
77
177
78
178
77
177
180
80
179
79
180
80
179
79
74
182
73
181
74
182
73
181
184
76
183
75
184
76
183
75
78
178
77
177
78
178
77
177
180
80
179
79
180
80
179
79
74
182
73
181
74
182
73
181
184
76
183
75
184
76
183
75
273
81
274
82
273
81
274
82
83
275
84
276
83
275
84
276
277
85
278
86
277
85
278
86
87
279
88
280
87
279
88
280
273
81
274
82
273
81
274
82
83
275
84
276
83
275
84
276
277
85
278
86
277
85
278
86
87
279
88
280
87
279
88
280
89
281
90
282
89
281
90
282
283
91
284
92
283
91
284
92
93
285
94
286
93
285
94
286
287
95
288
96
287
95
288
96
89
281
90
282
89
281
90
282
283
91
284
92
283
91
284
92
93
285
94
286
93
285
94
286
287
95
288
96
287
95
288
96
289
54
290
53
289
54
290
53
56
291
55
292
56
291
55
292
293
50
294
49
293
50
294
49
52
295
51
296
52
295
51
296
289
54
290
53
289
54
290
53
56
291
55
292
56
291
55
292
293
50
294
49
293
50
294
49
52
295
51
296
52
295
51
296
62
145
61
146
62
145
61
146
147
64
148
63
147
64
148
63
58
149
57
150
58
149
57
150
151
60
152
59
151
60
152
59
62
145
61
146
62
145
61
146
147
64
148
63
147
64
148
63
58
149
57
150
58
149
57
150
151
60
152
59
151
60
152
59
153
70
154
69
153
70
154
69
72
155
71
156
72
155
71
156
157
66
158
65
157
66
158
65
68
159
67
160
68
159
67
160
153
70
154
69
153
70
154
69
72
155
71
156
72
155
71
156
157
66
158
65
157
66
158
65
68
159
67
160
68
159
67
160
78
161
77
162
78
161
77
162
163
80
164
79
163
80
164
79
74
165
73
166
74
165
73
166
167
76
168
75
167
76
168
75
78
161
77
162
78
161
77
162
163
80
164
79
163
80
164
79
74
165
73
166
74
165
73
166
167
76
168
75
167
76
168
75
230
6
229
5
230
6
229
5
8
232
7
231
8
232
7
231
226
2
225
1
226
2
225
1
4
228
3
227
4
228
3
227
230
6
229
5
230
6
229
5
8
232
7
231
8
232
7
231
226
2
225
1
226
2
225
1
4
228
3
227
4
228
3
227
14
238
13
237
14
238
13
237
240
16
239
15
240
16
239
15
10
234
9
233
10
234
9
233
236
12
235
11
236
12
235
11
14
238
13
237
14
238
13
237
240
16
239
15
240
16
239
15
10
234
9
233
10
234
9
233
236
12
235
11
236
12
235
11
194
22
193
21
194
22
193
21
24
196
23
195
24
196
23
195
198
18
197
17
198
18
197
17
20
200
19
199
20
200
19
199
194
22
193
21
194
22
193
21
24
196
23
195
24
196
23
195
198
18
197
17
198
18
197
17
20
200
19
199
20
200
19
199
30
254
29
253
30
254
29
253
256
32
255
31
256
32
255
31
26
250
25
249
26
250
25
249
252
28
251
27
252
28
251
27
30
254
29
253
30
254
29
253
256
32
255
31
256
32
255
31
26
250
25
249
26
250
25
249
252
28
251
27
252
28
251
27
289
38
290
37
289
38
290
37
40
291
39
292
40
291
39
292
293
34
294
33
293
34
294
33
36
295
35
296
36
295
35
296
289
38
290
37
289
38
290
37
40
291
39
292
40
291
39
292
293
34
294
33
293
34
294
33
36
295
35
296
36
295
35
296
154
86
153
85
154
86
153
85
88
156
87
155
88
156
87
155
158
82
157
81
158
82
157
81
84
160
83
159
84
160
83
159
154
86
153
85
154
86
153
85
88
156
87
155
88
156
87
155
158
82
157
81
158
82
157
81
84
160
83
159
84
160
83
159
94
162
93
161
94
162
93
161
164
96
163
95
164
96
163
95
90
166
89
165
90
166
89
165
168
92
167
91
168
92
167
91
94
162
93
161
94
162
93
161
164
96
163
95
164
96
163
95
90
166
89
165
90
166
89
165
168
92
167
91
168
92
167
91
197
97
198
98
197
97
198
98
99
199
100
200
99
199
100
200
193
101
194
102
193
101
194
102
103
195
104
196
103
195
104
196
197
97
198
98
197
97
198
98
99
199
100
200
99
199
100
200
193
101
194
102
193
101
194
102
103
195
104
196
103
195
104
196
105
297
106
298
105
297
106
298
299
107
300
108
299
107
300
108
109
301
110
302
109
301
110
302
303
111
304
112
303
111
304
112
105
297
106
298
105
297
106
298
299
107
300
108
299
107
300
108
109
301
110
302
109
301
110
302
303
111
304
112
303
111
304
112
222
113
221
114
222
113
221
114
115
224
116
223
115
224
116
223
218
117
217
118
218
117
217
118
119
220
120
219
119
220
120
219
222
113
221
114
222
113
221
114
115
224
116
223
115
224
116
223
218
117
217
118
218
117
217
118
119
220
120
219
119
220
120
219
121
189
122
190
121
189
122
190
191
123
192
124
191
123
192
124
125
185
126
186
125
185
126
186
187
127
188
128
187
127
188
128
121
189
122
190
121
189
122
190
191
123
192
124
191
123
192
124
125
185
126
186
125
185
126
186
187
127
188
128
187
127
188
128
170
129
169
130
170
129
169
130
131
172
132
171
131
172
132
171
174
133
173
134
174
133
173
134
135
176
136
175
135
176
136
175
170
129
169
130
170
129
169
130
131
172
132
171
131
172
132
171
174
133
173
134
174
133
173
134
135
176
136
175
135
176
136
175
137
213
138
214
137
213
138
214
215
139
216
140
215
139
216
140
141
209
142
210
141
209
142
210
211
143
212
144
211
143
212
144
137
213
138
214
137
213
138
214
215
139
216
140
215
139
216
140
141
209
142
210
141
209
142
210
211
143
212
144
211
143
212
144
197
97
198
98
197
97
198
98
99
199
100
200
99
199
100
200
193
101
194
102
193
101
194
102
103
195
104
196
103
195
104
196
197
97
198
98
197
97
198
98
99
199
100
200
99
199
100
200
193
101
194
102
193
101
194
102
103
195
104
196
103
195
104
196
105
181
106
182
105
181
106
182
183
107
184
108
183
107
184
108
109
177
110
178
109
177
110
178
179
111
180
112
179
111
180
112
105
181
106
182
105
181
106
182
183
107
184
108
183
107
184
108
109
177
110
178
109
177
110
178
179
111
180
112
179
111
180
112
206
86
205
85
206
86
205
85
88
208
87
207
88
208
87
207
202
82
201
81
202
82
201
81
84
204
83
203
84
204
83
203
206
86
205
85
206
86
205
85
88
208
87
207
88
208
87
207
202
82
201
81
202
82
201
81
84
204
83
203
84
204
83
203
94
189
93
190
94
189
93
190
191
96
192
95
191
96
192
95
90
185
89
186
90
185
89
186
187
92
188
91
187
92
188
91
94
189
93
190
94
189
93
190
191
96
192
95
191
96
192
95
90
185
89
186
90
185
89
186
187
92
188
91
187
92
188
91
169
113
170
114
169
113
170
114
115
171
116
172
115
171
116
172
173
117
174
118
173
117
174
118
119
175
120
176
119
175
120
176
169
113
170
114
169
113
170
114
115
171
116
172
115
171
116
172
173
117
174
118
173
117
174
118
119
175
120
176
119
175
120
176
121
150
122
149
121
150
122
149
152
123
151
124
152
123
151
124
125
146
126
145
125
146
126
145
148
127
147
128
148
127
147
128
121
150
122
149
121
150
122
149
152
123
151
124
152
123
151
124
125
146
126
145
125
146
126
145
148
127
147
128
148
127
147
128
218
129
217
130
218
129
217
130
131
220
132
219
131
220
132
219
222
133
221
134
222
133
221
134
135
224
136
223
135
224
136
223
218
129
217
130
218
129
217
130
131
220
132
219
131
220
132
219
222
133
221
134
222
133
221
134
135
224
136
223
135
224
136
223
137
181
138
182
137
181
138
182
183
139
184
140
183
139
184
140
141
177
142
178
141
177
142
178
179
143
180
144
179
143
180
144
137
181
138
182
137
181
138
182
183
139
184
140
183
139
184
140
141
177
142
178
141
177
142
178
179
143
180
144
179
143
180
144
41
257
42
258
41
257
42
258
259
43
260
44
259
43
260
44
45
261
46
262
45
261
46
262
263
47
264
48
263
47
264
48
41
257
42
258
41
257
42
258
259
43
260
44
259
43
260
44
45
261
46
262
45
261
46
262
263
47
264
48
263
47
264
48
205
6
206
5
205
6
206
5
8
207
7
208
8
207
7
208
201
2
202
1
201
2
202
1
4
203
3
204
4
203
3
204
205
6
206
5
205
6
206
5
8
207
7
208
8
207
7
208
201
2
202
1
201
2
202
1
4
203
3
204
4
203
3
204
14
238
13
237
14
238
13
237
240
16
239
15
240
16
239
15
10
234
9
233
10
234
9
233
236
12
235
11
236
12
235
11
14
238
13
237
14
238
13
237
240
16
239
15
240
16
239
15
10
234
9
233
10
234
9
233
236
12
235
11
236
12
235
11
230
22
229
21
230
22
229
21
24
232
23
231
24
232
23
231
226
18
225
17
226
18
225
17
20
228
19
227
20
228
19
227
230
22
229
21
230
22
229
21
24
232
23
231
24
232
23
231
226
18
225
17
226
18
225
17
20
228
19
227
20
228
19
227
30
254
29
253
30
254
29
253
256
32
255
31
256
32
255
31
26
250
25
249
26
250
25
249
252
28
251
27
252
28
251
27
30
254
29
253
30
254
29
253
256
32
255
31
256
32
255
31
26
250
25
249
26
250
25
249
252
28
251
27
252
28
251
27
246
38
245
37
246
38
245
37
40
248
39
247
40
248
39
247
242
34
241
33
242
34
241
33
36
244
35
243
36
244
35
243
246
38
245
37
246
38
245
37
40
248
39
247
40
248
39
247
242
34
241
33
242
34
241
33
36
244
35
243
36
244
35
243
46
262
45
261
46
262
45
261
264
48
263
47
264
48
263
47
42
258
41
257
42
258
41
257
260
44
259
43
260
44
259
43
46
262
45
261
46
262
45
261
264
48
263
47
264
48
263
47
42
258
41
257
42
258
41
257
260
44
259
43
260
44
259
43
270
49
269
50
270
49
269
50
51
272
52
271
51
272
52
271
266
53
265
54
266
53
265
54
55
268
56
267
55
268
56
267
270
49
269
50
270
49
269
50
51
272
52
271
51
272
52
271
266
53
265
54
266
53
265
54
55
268
56
267
55
268
56
267
57
302
58
301
57
302
58
301
304
59
303
60
304
59
303
60
61
298
62
297
61
298
62
297
300
63
299
64
300
63
299
64
57
302
58
301
57
302
58
301
304
59
303
60
304
59
303
60
61
298
62
297
61
298
62
297
300
63
299
64
300
63
299
64
158
65
157
66
158
65
157
66
67
160
68
159
67
160
68
159
154
69
153
70
154
69
153
70
71
156
72
155
71
156
72
155
158
65
157
66
158
65
157
66
67
160
68
159
67
160
68
159
154
69
153
70
154
69
153
70
71
156
72
155
71
156
72
155
73
166
74
165
73
166
74
165
168
75
167
76
168
75
167
76
77
162
78
161
77
162
78
161
164
79
163
80
164
79
163
80
73
166
74
165
73
166
74
165
168
75
167
76
168
75
167
76
77
162
78
161
77
162
78
161
164
79
163
80
164
79
163
80
225
1
226
2
225
1
226
2
3
227
4
228
3
227
4
228
229
5
230
6
229
5
230
6
7
231
8
232
7
231
8
232
225
1
226
2
225
1
226
2
3
227
4
228
3
227
4
228
229
5
230
6
229
5
230
6
7
231
8
232
7
231
8
232
9
210
10
209
9
210
10
209
212
11
211
12
212
11
211
12
13
214
14
213
13
214
14
213
216
15
215
16
216
15
215
16
9
210
10
209
9
210
10
209
212
11
211
12
212
11
211
12
13
214
14
213
13
214
14
213
216
15
215
16
216
15
215
16
241
17
242
18
241
17
242
18
19
243
20
244
19
243
20
244
245
21
246
22
245
21
246
22
23
247
24
248
23
247
24
248
241
17
242
18
241
17
242
18
19
243
20
244
19
243
20
244
245
21
246
22
245
21
246
22
23
247
24
248
23
247
24
248
25
249
26
250
25
249
26
250
251
27
252
28
251
27
252
28
29
253
30
254
29
253
30
254
255
31
256
32
255
31
256
32
25
249
26
250
25
249
26
250
251
27
252
28
251
27
252
28
29
253
30
254
29
253
30
254
255
31
256
32
255
31
256
32
270
33
269
34
270
33
269
34
35
272
36
271
35
272
36
271
266
37
265
38
266
37
265
38
39
268
40
267
39
268
40
267
270
33
269
34
270
33
269
34
35
272
36
271
35
272
36
271
266
37
265
38
266
37
265
38
39
268
40
267
39
268
40
267
273
49
274
50
273
49
274
50
51
275
52
276
51
275
52
276
277
53
278
54
277
53
278
54
55
279
56
280
55
279
56
280
273
49
274
50
273
49
274
50
51
275
52
276
51
275
52
276
277
53
278
54
277
53
278
54
55
279
56
280
55
279
56
280
57
213
58
214
57
213
58
214
215
59
216
60
215
59
216
60
61
209
62
210
61
209
62
210
211
63
212
64
211
63
212
64
57
213
58
214
57
213
58
214
215
59
216
60
215
59
216
60
61
209
62
210
61
209
62
210
211
63
212
64
211
63
212
64
194
65
193
66
194
65
193
66
67
196
68
195
67
196
68
195
198
69
197
70
198
69
197
70
71
200
72
199
71
200
72
199
194
65
193
66
194
65
193
66
67
196
68
195
67
196
68
195
198
69
197
70
198
69
197
70
71
200
72
199
71
200
72
199
73
286
74
285
73
286
74
285
288
75
287
76
288
75
287
76
77
282
78
281
77
282
78
281
284
79
283
80
284
79
283
80
73
286
74
285
73
286
74
285
288
75
287
76
288
75
287
76
77
282
78
281
77
282
78
281
284
79
283
80
284
79
283
80
217
118
218
117
217
118
218
117
120
219
119
220
120
219
119
220
221
114
222
113
221
114
222
113
116
223
115
224
116
223
115
224
217
118
218
117
217
118
218
117
120
219
119
220
120
219
119
220
221
114
222
113
221
114
222
113
116
223
115
224
116
223
115
224
126
305
125
306
126
305
125
306
307
128
308
127
307
128
308
127
122
309
121
310
122
309
121
310
311
124
312
123
311
124
312
123
126
305
125
306
126
305
125
306
307
128
308
127
307
128
308
127
122
309
121
310
122
309
121
310
311
124
312
123
311
124
312
123
278
134
277
133
278
134
277
133
136
280
135
279
136
280
135
279
274
130
273
129
274
130
273
129
132
276
131
275
132
276
131
275
278
134
277
133
278
134
277
133
136
280
135
279
136
280
135
279
274
130
273
129
274
130
273
129
132
276
131
275
132
276
131
275
142
233
141
234
142
233
141
234
235
144
236
143
235
144
236
143
138
237
137
238
138
237
137
238
239
140
240
139
239
140
240
139
142
233
141
234
142
233
141
234
235
144
236
143
235
144
236
143
138
237
137
238
138
237
137
238
239
140
240
139
239
140
240
139
194
102
193
101
194
102
193
101
104
196
103
195
104
196
103
195
198
98
197
97
198
98
197
97
100
200
99
199
100
200
99
199
194
102
193
101
194
102
193
101
104
196
103
195
104
196
103
195
198
98
197
97
198
98
197
97
100
200
99
199
100
200
99
199
110
178
109
177
110
178
109
177
180
112
179
111
180
112
179
111
106
182
105
181
106
182
105
181
184
108
183
107
184
108
183
107
110
178
109
177
110
178
109
177
180
112
179
111
180
112
179
111
106
182
105
181
106
182
105
181
184
108
183
107
184
108
183
107
221
81
222
82
221
81
222
82
83
223
84
224
83
223
84
224
217
85
218
86
217
85
218
86
87
219
88
220
87
219
88
220
221
81
222
82
221
81
222
82
83
223
84
224
83
223
84
224
217
85
218
86
217
85
218
86
87
219
88
220
87
219
88
220
89
186
90
185
89
186
90
185
188
91
187
92
188
91
187
92
93
190
94
189
93
190
94
189
192
95
191
96
192
95
191
96
89
186
90
185
89
186
90
185
188
91
187
92
188
91
187
92
93
190
94
189
93
190
94
189
192
95
191
96
192
95
191
96
281
118
282
117
281
118
282
117
120
283
119
284
120
283
119
284
285
114
286
113
285
114
286
113
116
287
115
288
116
287
115
288
281
118
282
117
281
118
282
117
120
283
119
284
120
283
119
284
285
114
286
113
285
114
286
113
116
287
115
288
116
287
115
288
126
233
125
234
126
233
125
234
235
128
236
127
235
128
236
127
122
237
121
238
122
237
121
238
239
124
240
123
239
124
240
123
126
233
125
234
126
233
125
234
235
128
236
127
235
128
236
127
122
237
121
238
122
237
121
238
239
124
240
123
239
124
240
123
294
102
293
101
294
102
293
101
104
296
103
295
104
296
103
295
290
98
289
97
290
98
289
97
100
292
99
291
100
292
99
291
294
102
293
101
294
102
293
101
104
296
103
295
104
296
103
295
290
98
289
97
290
98
289
97
100
292
99
291
100
292
99
291
110
178
109
177
110
178
109
177
180
112
179
111
180
112
179
111
106
182
105
181
106
182
105
181
184
108
183
107
184
108
183
107
110
178
109
177
110
178
109
177
180
112
179
111
180
112
179
111
106
182
105
181
106
182
105
181
184
108
183
107
184
108
183
107
46
262
45
261
46
262
45
261
264
48
263
47
264
48
263
47
42
258
41
257
42
258
41
257
260
44
259
43
260
44
259
43
46
262
45
261
46
262
45
261
264
48
263
47
264
48
263
47
42
258
41
257
42
258
41
257
260
44
259
43
260
44
259
43
202
81
201
82
202
81
201
82
83
204
84
203
83
204
84
203
206
85
205
86
206
85
205
86
87
208
88
207
87
208
88
207
202
81
201
82
202
81
201
82
83
204
84
203
83
204
84
203
206
85
205
86
206
85
205
86
87
208
88
207
87
208
88
207
89
302
90
301
89
302
90
301
304
91
303
92
304
91
303
92
93
298
94
297
93
298
94
297
300
95
299
96
300
95
299
96
89
302
90
301
89
302
90
301
304
91
303
92
304
91
303
92
93
298
94
297
93
298
94
297
300
95
299
96
300
95
299
96
265
145
266
146
265
145
266
146
147
267
148
268
147
267
148
268
269
149
270
150
269
149
270
150
151
271
152
272
151
271
152
272
265
145
266
146
265
145
266
146
147
267
148
268
147
267
148
268
269
149
270
150
269
149
270
150
151
271
152
272
151
271
152
272
153
289
154
290
153
289
154
290
291
155
292
156
291
155
292
156
157
293
158
294
157
293
158
294
295
159
296
160
295
159
296
160
153
289
154
290
153
289
154
290
291
155
292
156
291
155
292
156
157
293
158
294
157
293
158
294
295
159
296
160
295
159
296
160
313
161
314
162
313
161
314
162
163
315
164
316
163
315
164
316
317
165
318
166
317
165
318
166
167
319
168
320
167
319
168
320
313
161
314
162
313
161
314
162
163
315
164
316
163
315
164
316
317
165
318
166
317
165
318
166
167
319
168
320
167
319
168
320
169
321
170
322
169
321
170
322
323
171
324
172
323
171
324
172
173
325
174
326
173
325
174
326
327
175
328
176
327
175
328
176
169
321
170
322
169
321
170
322
323
171
324
172
323
171
324
172
173
325
174
326
173
325
174
326
327
175
328
176
327
175
328
176
329
6
330
5
329
6
330
5
8
331
7
332
8
331
7
332
333
2
334
1
333
2
334
1
4
335
3
336
4
335
3
336
329
6
330
5
329
6
330
5
8
331
7
332
8
331
7
332
333
2
334
1
333
2
334
1
4
335
3
336
4
335
3
336
14
297
13
298
14
297
13
298
299
16
300
15
299
16
300
15
10
301
9
302
10
301
9
302
303
12
304
11
303
12
304
11
14
297
13
298
14
297
13
298
299
16
300
15
299
16
300
15
10
301
9
302
10
301
9
302
303
12
304
11
303
12
304
11
337
22
338
21
337
22
338
21
24
339
23
340
24
339
23
340
341
18
342
17
341
18
342
17
20
343
19
344
20
343
19
344
337
22
338
21
337
22
338
21
24
339
23
340
24
339
23
340
341
18
342
17
341
18
342
17
20
343
19
344
20
343
19
344
30
254
29
253
30
254
29
253
256
32
255
31
256
32
255
31
26
250
25
249
26
250
25
249
252
28
251
27
252
28
251
27
30
254
29
253
30
254
29
253
256
32
255
31
256
32
255
31
26
250
25
249
26
250
25
249
252
28
251
27
252
28
251
27
230
38
229
37
230
38
229
37
40
232
39
231
40
232
39
231
226
34
225
33
226
34
225
33
36
228
35
227
36
228
35
227
230
38
229
37
230
38
229
37
40
232
39
231
40
232
39
231
226
34
225
33
226
34
225
33
36
228
35
227
36
228
35
227
62
305
61
306
62
305
61
306
307
64
308
63
307
64
308
63
58
309
57
310
58
309
57
310
311
60
312
59
311
60
312
59
62
305
61
306
62
305
61
306
307
64
308
63
307
64
308
63
58
309
57
310
58
309
57
310
311
60
312
59
311
60
312
59
197
70
198
69
197
70
198
69
72
199
71
200
72
199
71
200
193
66
194
65
193
66
194
65
68
195
67
196
68
195
67
196
197
70
198
69
197
70
198
69
72
199
71
200
72
199
71
200
193
66
194
65
193
66
194
65
68
195
67
196
68
195
67
196
78
313
77
314
78
313
77
314
315
80
316
79
315
80
316
79
74
317
73
318
74
317
73
318
319
76
320
75
319
76
320
75
78
313
77
314
78
313
77
314
315
80
316
79
315
80
316
79
74
317
73
318
74
317
73
318
319
76
320
75
319
76
320
75
321
134
322
133
321
134
322
133
136
323
135
324
136
323
135
324
325
130
326
129
325
130
326
129
132
327
131
328
132
327
131
328
321
134
322
133
321
134
322
133
136
323
135
324
136
323
135
324
325
130
326
129
325
130
326
129
132
327
131
328
132
327
131
328
278
113
277
114
278
113
277
114
115
280
116
279
115
280
116
279
274
117
273
118
274
117
273
118
119
276
120
275
119
276
120
275
278
113
277
114
278
113
277
114
115
280
116
279
115
280
116
279
274
117
273
118
274
117
273
118
119
276
120
275
119
276
120
275
121
310
122
309
121
310
122
309
312
123
311
124
312
123
311
124
125
306
126
305
125
306
126
305
308
127
307
128
308
127
307
128
121
310
122
309
121
310
122
309
312
123
311
124
312
123
311
124
125
306
126
305
125
306
126
305
308
127
307
128
308
127
307
128
334
97
333
98
334
97
333
98
99
336
100
335
99
336
100
335
330
101
329
102
330
101
329
102
103
332
104
331
103
332
104
331
334
97
333
98
334
97
333
98
99
336
100
335
99
336
100
335
330
101
329
102
330
101
329
102
103
332
104
331
103
332
104
331
105
337
106
338
105
337
106
338
339
107
340
108
339
107
340
108
109
341
110
342
109
341
110
342
343
111
344
112
343
111
344
112
105
337
106
338
105
337
106
338
339
107
340
108
339
107
340
108
109
341
110
342
109
341
110
342
343
111
344
112
343
111
344
112
222
177
221
178
222
177
221
178
179
224
180
223
179
224
180
223
218
181
217
182
218
181
217
182
183
220
184
219
183
220
184
219
222
177
221
178
222
177
221
178
179
224
180
223
179
224
180
223
218
181
217
182
218
181
217
182
183
220
184
219
183
220
184
219
185
345
186
346
185
345
186
346
347
187
348
188
347
187
348
188
189
349
190
350
189
349
190
350
351
191
352
192
351
191
352
192
185
345
186
346
185
345
186
346
347
187
348
188
347
187
348
188
189
349
190
350
189
349
190
350
351
191
352
192
351
191
352
192
353
86
354
85
353
86
354
85
88
355
87
356
88
355
87
356
357
82
358
81
357
82
358
81
84
359
83
360
84
359
83
360
353
86
354
85
353
86
354
85
88
355
87
356
88
355
87
356
357
82
358
81
357
82
358
81
84
359
83
360
84
359
83
360
94
238
93
237
94
238
93
237
240
96
239
95
240
96
239
95
90
234
89
233
90
234
89
233
236
92
235
91
236
92
235
91
94
238
93
237
94
238
93
237
240
96
239
95
240
96
239
95
90
234
89
233
90
234
89
233
236
92
235
91
236
92
235
91
361
97
362
98
361
97
362
98
99
363
100
364
99
363
100
364
365
101
366
102
365
101
366
102
103
367
104
368
103
367
104
368
361
97
362
98
361
97
362
98
99
363
100
364
99
363
100
364
365
101
366
102
365
101
366
102
103
367
104
368
103
367
104
368
105
369
106
370
105
369
106
370
371
107
372
108
371
107
372
108
109
373
110
374
109
373
110
374
375
111
376
112
375
111
376
112
105
369
106
370
105
369
106
370
371
107
372
108
371
107
372
108
109
373
110
374
109
373
110
374
375
111
376
112
375
111
376
112
377
129
378
130
377
129
378
130
131
379
132
380
131
379
132
380
381
133
382
134
381
133
382
134
135
383
136
384
135
383
136
384
377
129
378
130
377
129
378
130
131
379
132
380
131
379
132
380
381
133
382
134
381
133
382
134
135
383
136
384
135
383
136
384
137
345
138
346
137
345
138
346
347
139
348
140
347
139
348
140
141
349
142
350
141
349
142
350
351
143
352
144
351
143
352
144
137
345
138
346
137
345
138
346
347
139
348
140
347
139
348
140
141
349
142
350
141
349
142
350
351
143
352
144
351
143
352
144
246
54
245
53
246
54
245
53
56
248
55
247
56
248
55
247
242
50
241
49
242
50
241
49
52
244
51
243
52
244
51
243
246
54
245
53
246
54
245
53
56
248
55
247
56
248
55
247
242
50
241
49
242
50
241
49
52
244
51
243
52
244
51
243
145
353
146
354
145
353
146
354
355
147
356
148
355
147
356
148
149
357
150
358
149
357
150
358
359
151
360
152
359
151
360
152
145
353
146
354
145
353
146
354
355
147
356
148
355
147
356
148
149
357
150
358
149
357
150
358
359
151
360
152
359
151
360
152
361
153
362
154
361
153
362
154
155
363
156
364
155
363
156
364
365
157
366
158
365
157
366
158
159
367
160
368
159
367
160
368
361
153
362
154
361
153
362
154
155
363
156
364
155
363
156
364
365
157
366
158
365
157
366
158
159
367
160
368
159
367
160
368
161
369
162
370
161
369
162
370
371
163
372
164
371
163
372
164
165
373
166
374
165
373
166
374
375
167
376
168
375
167
376
168
161
369
162
370
161
369
162
370
371
163
372
164
371
163
372
164
165
373
166
374
165
373
166
374
375
167
376
168
375
167
376
168
142
350
141
349
142
350
141
349
352
144
351
143
352
144
351
143
138
346
137
345
138
346
137
345
348
140
347
139
348
140
347
139
142
350
141
349
142
350
141
349
352
144
351
143
352
144
351
143
138
346
137
345
138
346
137
345
348
140
347
139
348
140
347
139
377
172
378
171
377
172
378
171
170
379
169
380
170
379
169
380
381
176
382
175
381
176
382
175
174
383
173
384
174
383
173
384
377
172
378
171
377
172
378
171
170
379
169
380
170
379
169
380
381
176
382
175
381
176
382
175
174
383
173
384
174
383
173
384
193
385
194
386
193
385
194
386
387
195
388
196
387
195
388
196
197
389
198
390
197
389
198
390
391
199
392
200
391
199
392
200
193
385
194
386
193
385
194
386
387
195
388
196
387
195
388
196
197
389
198
390
197
389
198
390
391
199
392
200
391
199
392
200
270
150
269
149
270
150
269
149
152
272
151
271
152
272
151
271
266
146
265
145
266
146
265
145
148
268
147
267
148
268
147
267
270
150
269
149
270
150
269
149
152
272
151
271
152
272
151
271
266
146
265
145
266
146
265
145
148
268
147
267
148
268
147
267
158
374
157
373
158
374
157
373
376
160
375
159
376
160
375
159
154
370
153
369
154
370
153
369
372
156
371
155
372
156
371
155
158
374
157
373
158
374
157
373
376
160
375
159
376
160
375
159
154
370
153
369
154
370
153
369
372
156
371
155
372
156
371
155
318
166
317
165
318
166
317
165
168
320
167
319
168
320
167
319
314
162
313
161
314
162
313
161
164
316
163
315
164
316
163
315
318
166
317
165
318
166
317
165
168
320
167
319
168
320
167
319
314
162
313
161
314
162
313
161
164
316
163
315
164
316
163
315
201
326
202
325
201
326
202
325
328
203
327
204
328
203
327
204
205
322
206
321
205
322
206
321
324
207
323
208
324
207
323
208
201
326
202
325
201
326
202
325
328
203
327
204
328
203
327
204
205
322
206
321
205
322
206
321
324
207
323
208
324
207
323
208
393
209
394
210
393
209
394
210
211
395
212
396
211
395
212
396
397
213
398
214
397
213
398
214
215
399
216
400
215
399
216
400
393
209
394
210
393
209
394
210
211
395
212
396
211
395
212
396
397
213
398
214
397
213
398
214
215
399
216
400
215
399
216
400
193
114
194
113
193
114
194
113
116
195
115
196
116
195
115
196
197
118
198
117
197
118
198
117
120
199
119
200
120
199
119
200
193
114
194
113
193
114
194
113
116
195
115
196
116
195
115
196
197
118
198
117
197
118
198
117
120
199
119
200
120
199
119
200
122
182
121
181
122
182
121
181
184
124
183
123
184
124
183
123
126
178
125
177
126
178
125
177
180
128
179
127
180
128
179
127
122
182
121
181
122
182
121
181
184
124
183
123
184
124
183
123
126
178
125
177
126
178
125
177
180
128
179
127
180
128
179
127
174
385
173
386
174
385
173
386
387
176
388
175
387
176
388
175
170
389
169
390
170
389
169
390
391
172
392
171
391
172
392
171
174
385
173
386
174
385
173
386
387
176
388
175
387
176
388
175
170
389
169
390
170
389
169
390
391
172
392
171
391
172
392
171
334
185
333
186
334
185
333
186
187
336
188
335
187
336
188
335
330
189
329
190
330
189
329
190
191
332
192
331
191
332
192
331
334
185
333
186
334
185
333
186
187
336
188
335
187
336
188
335
330
189
329
190
330
189
329
190
191
332
192
331
191
332
192
331
201
302
202
301
201
302
202
301
304
203
303
204
304
203
303
204
205
298
206
297
205
298
206
297
300
207
299
208
300
207
299
208
201
302
202
301
201
302
202
301
304
203
303
204
304
203
303
204
205
298
206
297
205
298
206
297
300
207
299
208
300
207
299
208
342
209
341
210
342
209
341
210
211
344
212
343
211
344
212
343
338
213
337
214
338
213
337
214
215
340
216
339
215
340
216
339
342
209
341
210
342
209
341
210
211
344
212
343
211
344
212
343
338
213
337
214
338
213
337
214
215
340
216
339
215
340
216
339
217
318
218
317
217
318
218
317
320
219
319
220
320
219
319
220
221
314
222
313
221
314
222
313
316
223
315
224
316
223
315
224
217
318
218
317
217
318
218
317
320
219
319
220
320
219
319
220
221
314
222
313
221
314
222
313
316
223
315
224
316
223
315
224
326
182
325
181
326
182
325
181
184
328
183
327
184
328
183
327
322
178
321
177
322
178
321
177
180
324
179
323
180
324
179
323
326
182
325
181
326
182
325
181
184
328
183
327
184
328
183
327
322
178
321
177
322
178
321
177
180
324
179
323
180
324
179
323
